-199.5
-148.5
-175.5
-194.0
-103.5
-53.0
-172.0
-86.5
-164.5
-206.0
-220.0
-168.5
-190.5
-238.0
-145.0
-198.5
-102.0
-200.5
-204.5
-205.0
-112.0
-35.0
-79.0
-165.0
-90.0
-199.0
-163.5
-168.5
-51.5
-203.5
-206.5
-150.0
-204.0
-122.0
-96.5
-153.0
-119.5
-93.0
-170.5
-178.5
-192.5
-135.5
-110.5
-201.0
-174.0
-150.0
-164.5
-133.5
-72.0
-109.0
-176.5
-150.5
-181.5
-189.0
-197.5
-203.0
-188.0
-75.5
-146.0
-188.0
-167.5
-209.5
-127.0
-175.5
-206.0
-141.5
-141.0
-160.0
-109.0
-60.0
-134.0
-185.5
6.5
-171.0
-204.0
-72.5
-189.5
-178.5
-173.5
-170.0
-177.0
-131.0
-37.0
-60.5
-179.0
-142.0
-44.0
-181.5
-60.0
-127.5
-58.5
-120.0
-162.5
-81.0
-158.0
-1.5
-193.5
-167.5
-61.0
-179.0
-186.5
-163.0
-133.5
-162.0
-11.0
-173.0
-213.0
-156.5
-192.5
-31.5
-43.0
-133.0
-182.0
25.0
-44.5
-43.5
-186.5
-16.5
-96.5
-22.5
-34.0
-140.0
-67.0
-174.0
-196.0
-193.0
-187.0
-185
-136.5
-160.5
-162.0
-209.5
-27.0
-87.5
-187.0
-86.0
-174.5
-200.0
-63.5
-98.5
57.5
-184.5
-151.0
-83.0
-171.5
-173.0
-140.5
-136.5
-239.0
-162.5
-138.0
-180.5
-163.0
-50.5
-178.5
-174.5
-153.0
-37.5
0.5
-195.5
16.5
-122.0
-96.0
-154
-145.5
-115.0
-188.5
99.0
-77.0
-158.0
31.0
-186.0
-58.5
-69.5
-147.0
-21.0
-84.5
-192.0
-144.5
-124.5
-18.0
-126.0
-176.0
-126.0
-79.5
-63.0
-185.0
-194.0
-133.5
-191.0
-104.0
-170.0
-159.0
-173.5
-158.5
-57.5
-115.5
-121.5
-32.0
-83.0
54.0
-51.0
-164.0
-78.0
-71.5
-195.0
-178.5
-153.5
-163.5
-163.0
-87.0
-117.0
-19.5
-174.0
-155.5
-66.5
-166.5
-75.5
-75.5
-157.0
-191.5
-96.5
-105.5
-63.5
-183.5
-102.5
-177.0
-96.5
-129.5
-167.5
-155
-158.5
-93.5
-37.0
-190.5
-78.0
-83.5
-71.0
-200.0
-45.5
-106.0
-138.5
-158.5
-102.0
-278.0
-135.0
-152.0
-176.0
-141.5
-154.0
-83.0
-171.5
-80.0
-168.5
34.5
-91.0
-29.5
-76.5
-136.0
-131.0
-169.0
-139.5
-136.0
-192.5
-164.0
-197.5
40.0
-182.0
-152.5
61.5
-129.0
-174.0
33.5
-142.0
34.5
-174.5
-169.0
-189.0
-53.5
-113.5
-160.0
-100.5
-198.5
-62.0
-170.0
-29.0
-10.5
-204.5
28.0
68.5
-116.0
-41.0
-127.5
-73.5
-95.5
-166.0
-65.5
-230.0
-209.5
-186.0
-115.0
-128.0
-140.5
3.5
-106.0
-179.5
-65.0
-183.5
-145.0
-185.0
-139.5
-61.0
-159.0
-176.0
-110.0
-148.5
-156.0
-169.0
-143.0
-140.5
-86.5
-162.0
-184.0
-150
-83.0
-102.5
158.0
-140.5
-28.5
-131
-185.0
-76.0
-144.0
-106.5
-75.0
-126.0
-29.5
-124.5
-182.5
-124.5
-173.5
-174.0
-204.5
-80.0
-133.0
1.0
-174.5
-113.5
-71.5
-178.5
-157.0
-182.5
-171.5
-137.5
-181.5
-181.5
-87.0
-174.0
-165.0
-191.0
-172.0
-157.5
-187.5
-76.0
-141.5
-139.5
-151.0
-152.5
-116.0
-172.5
-167.0
-119.5
-136.5
-81.5
-132.5
-61.0
374.0
-124.5
-65.5
-185.5
-183.0
-90.0
-22.0
-85.5
-169.5
-179.5
-172.0
-181.0
-122.0
-133.5
-173.5
-141.5
-98.0
3.0
-53.0
-99.5
15.5
-125.5
-152.0
-188.5
-174.5
-108.0
-82.0
-143.0
-165.5
-149.0
-126.0
-150.5
-124.0
-169.5
-85.5
-79.0
-91.5
-99.0
-93.5
124.5
-186.5
-111.5
-177.0
-195.5
-165.0
-167.0
-131.5
-165.0
-146.5
-189.5
-42.0
114.0
-138.5
-165.0
-168.0
-158.5
-95.0
-150.5
-167.5
-136
-168.0
-146.5
-111.0
-218.5
-171.0
-186.5
-54.0
-99.5
-98.5
-68.0
-96.0
-182.5
8.5
-214.0
-85.0
-157.5
-100.5
-126.5
-136.0
-117.0
-4.0
-171.0
-159.0
-92.0
-147.0
-94.5
-134.0
-112.5
-21.5
-51.0
-93.5
-140.5
-155.5
-126.0
-186.5
451.5
-141.5
-167
-153.0
-143.0
-119.5
-153.5
-63.5
-79.0
-195.5
-150.5
-173.5
-161.0
313.0
-112.5
-150.0
-149.0
-163.5
-144.0
-156.0
-167.0
-108.0
-88.5
3.0
-142.5
-173.0
-143.5
-128.5
-82.0
-188.5
-147.5
-77.5
-152.5
-157.0
-178.5
-140.5
-149.0
-178.5
-93.0
-83.0
-174.0
-193.0
-183.0
-66.0
-45.5
-133.0
-126.0
-181.0
-184.5
-55.0
-145.5
-120.5
-162.0
-194.0
-103.0
-40.5
-65.5
106.5
-26.0
-154.5
-63.5
-106.5
-137.5
-59.0
-98.0
-178.5
-148.0
-176.5
-138.0
-136.0
-174.0
-152.5
-76.0
-81.5
307.0
-162.5
-211.5
-71.0
-156.5
-120.5
-141.0
-107.5
-102.5
-141.5
-102.5
-57.0
-174.5
-59.0
-91.5
-150.5
-171.5
-170.0
-90.5
-174
-104.5
-83.0
479.5
-190.0
-140.5
-160.5
-125.0
-176.0
-148.5
-10.5
-89.5
-148.5
-41.0
-95.0
-164.0
-130.5
70.5
-186.5
47.0
-196.0
-174.5
-183.5
-154.5
-184.0
-127.0
-116.0
-152.0
-132.5
-157.5
-161.5
-123.0
-128.5
-16.0
-69.5
-126
-176.5
-158.5
-71.5
-171.0
-70.0
-156.0
670.0
-170.5
-124.5
-166.0
-95.5
-52.0
-165.5
-135.0
-70.5
-134.5
-137.5
-24.5
-86.5
-92.0
-147.0
-89.5
-88.5
-145.0
-158.5
-125.0
-144.0
-172.0
-111.0
-92.0
-4.5
-135.0
-197.5
-137.5
-174.5
-162.0
-137.5
-196.0
-165.5
-199.0
243.5
-175.0
-73.0
-61.5
-140.5
-81.0
-140.0
-196.5
-97.0
-116.5
467.0
-151.5
-42.0
-89.5
-78.5
-110.5
-143.0
-142.5
-40.5
-152.0
-68.0
-158.5
57.0
-60.0
-169.0
-132.0
-84.5
-124.5
-184.5
-60.5
-110.5
-140.5
-198.5
-82.0
0.0
-105.5
-167.0
-109.0
-201.0
-140.0
-151.5
-195.5
-156.5
-143.0
-124.5
-88.5
-132.0
-157.5
-155.0
-153.0
-125.5
-90.5
-145.0
-18.5
-72.5
-45.5
-93.5
-13.0
-121.5
-141.5
-194.5
-55.0
-199.5
-157.0
-89.5
-139.5
-112.5
-93.5
-26.5
-45.0
-97.5
-62.0
-28.0
-157.5
-153.0
-49.5
-45.0
-94.5
-120.5
-69.5
-30.0
-61.0
-143.0
726.0
-155.0
-163.5
-61.0
39.0
-154.0
-133.0
-67.5
-168.5
-193.0
-168.0
-67.0
-8.0
92.5
9.5
-135.0
-34.0
-31.5
-114.5
-168.0
-103.5
-67.5
-67.0
-93.5
-140.0
-178.5
-148.5
-141.5
-53.0
-151.0
-107.0
-124.0
-174
-189
-120.0
-149.0
-20.5
-118.5
663.5
-99.5
-125.0
-90.5
-156.0
-47.0
-192.0
-130.0
-120.0
-136.5
-70.5
-80.0
280.0
-164.5
-164.0
-185.0
-57.0
-233.5
-80.0
-171.0
-94.5
-168.5
-166.5
-171.0
-45.5
-143.0
-181.5
-149.5
-168.0
-52.5
-92.5
-101.5
-178.0
-116.0
-169.0
-70.5
-191.5
-140.5
-123.0
-117.0
-152.0
-110.0
-97.0
-168
-50.5
-147.5
62.5
-170.0
-123.5
-119.5
-184.0
-165.0
-176.0
-155.5
-61.0
-148.5
-120.0
-108.0
-138.0
-169.5
-171.0
-166.0
-126.0
-181.5
-183.0
-194
-150.0
-110.0
-132.0
-147.0
-154.0
-56.5
-123.5
-116.5
-109.5
-122.0
-28.5
-132.5
-138.5
-170
-109.5
-139.0
-129.5
-70.0
-175.5
-155.0
-186.0
-142.0
-123.5
-75.5
-111.0
-106.0
-115.5
-89.0
-138.5
-133.0
-92.0
19.5
-65.5
-129.5
-114.0
-173.5
3.5
-187.0
-145.5
