-123.5
-200.5
-60.5
-101.0
-173.5
-210.5
-204.5
-151.5
-195.0
-202.0
-195.0
-207.5
-184.5
-209.0
-226.0
-98.0
-184.5
-175.0
-196.5
-192.5
-145.0
-191.5
-157.0
-112.0
-151.0
-146.5
-181.5
-198.5
-222.0
-203.5
-46.5
-175.5
-81.5
-199.0
-185.0
-202.5
-184.5
-88.0
-182.0
-175.0
-204.0
-159.0
-187.5
-157.0
-98.0
-178.0
-200.5
-217.0
-220.0
-183.0
-173.5
-92.5
-206.5
-206.5
-143.0
-181.0
-138.5
-200.0
-203.5
-216.5
-206.0
-180.0
-208.0
-196.5
-191.0
-255.0
-152.5
-203.0
-206.0
-217.5
-198.0
-202.0
-224.0
-203.5
-200.5
-213.5
-205.5
-179.5
-217.5
-136.0
-199.0
-198.0
-226.0
-193.5
-208.0
-157.5
-221.0
-179.0
-205.5
-202.5
-72.0
-196.5
-219.0
-203.0
-142.0
-210.5
-205.0
-119.5
-129.5
-196.0
-196.5
-203.0
-131.0
-205.5
-168.0
-179.5
-233.5
-100.5
-234.0
-186.5
-203.0
-214.5
-206.5
-87.5
-193.0
-207.0
-187.5
-102.0
-236.5
-119.5
-144.5
-202.5
-147.0
-270.5
-216.0
-102.0
13.5
-202.0
-205.5
-131.0
-178.0
-193.5
-207.0
-199.0
-199.5
-207.5
-195.0
-97.0
-195.5
-177.0
-96.5
-217.0
-120.5
-215.5
-197.0
-191.5
-192.5
-200.0
-194.5
-204.0
-208.5
-207.0
-194.5
-208.0
-197.5
-200.0
-137.0
-153.0
-197.5
-205.0
-108.5
-204.5
-134.5
-181.5
-221.0
-204.0
-205.0
-196.0
-203.0
-202.5
-195.5
-203.5
-202.5
-195.0
60.0
-123.0
-198.5
-122.0
-114.0
-194.5
-208.0
-189.5
-94.0
-173.0
-127.5
-38.0
-208.5
-159.0
-35.5
-202.5
-218.5
-209.5
-123.0
-197.5
-192.0
-196.5
-39.5
-198.0
-186.5
28.0
27.0
-188.5
-202.0
-156.5
-164.5
-222.0
-186.0
-164.5
-201.5
-114.0
-60.0
-194.5
-62.5
-203.5
-175.0
-137.5
-205.5
-204.5
-134.0
-158.0
7.5
-189.5
-211.0
-197.0
-201.0
-197.5
-206.0
-146.0
-215.5
-207.0
-205.5
-204.0
-86.5
-151.5
-202.0
-203.5
-206.0
-242.0
-180.0
-69.5
-113.5
159.5
-167.0
-135.5
-205.5
-44.5
-239.5
-98.0
-37.5
-204.0
122.0
-172.5
-202.5
-206.5
-241.0
-218.0
-196.5
149.0
-200.5
-127.0
-188.5
-187.5
-197.5
-245.0
-200.5
-167.0
-154.0
-153.0
-203.0
-186.5
-86.0
-9.0
125.0
-214.0
-113.0
-164.5
-111.0
-114.0
-200.5
-203.0
-139.5
-205.0
-104.5
-203.0
-204.0
-204.5
-253.5
-118.5
-205.0
-145.5
-158.5
-136.0
-103.5
-177.5
-208.5
-77.5
-218.5
-198.0
-234.0
-78.5
149.0
-194.5
-213.5
-195.0
-202.0
-195.0
-205.0
-161.0
-205.5
-93.5
-208.0
-204.5
-222.0
94.5
-192.5
-201.5
-200.0
-187.0
-188.0
-202.5
-202.5
-239.5
-157.5
-212.5
39.0
-143.5
-194.0
-197.0
-205.0
-109.5
13.0
492.5
-193.5
-71.0
-131.0
298.0
730.5
1983.5
-199.5
-85.5
114.5
-130.5
-196.0
-184.5
-204.0
-205.0
-200.0
1081.5
-136.5
-201.5
-206.5
192.5
-148.0
-171.5
99.5
-206.5
-206.0
-214.5
-187.5
-203.5
-194.5
-132.0
-162.5
-149.5
-204.5
-191.5
-189.0
-205.0
-147.5
-204.5
-153.0
-202.0
-199.5
-196.5
-204.0
-203.5
-247.0
-157.5
-126.5
-147.5
-213.5
-178.0
-145.0
-195.0
-203.5
-150.0
-173.5
-147.0
-186.0
-169.5
-202.5
341.5
-69.5
422.5
-153.0
-213.5
-196.5
-187.0
-200.5
-129.5
-143.5
-163.0
-201.0
-196.0
-200.0
-189.0
-174.0
-180.0
-198.0
-203.5
-202.5
-190.5
-205.0
-165.5
-194.5
-186.5
-204.5
-194.0
-202.5
-105.0
-199.0
-204.0
-110.5
-247.5
-177.5
-180.5
-173.5
-201.0
-197.0
-200.0
-204.0
-232.5
-205.0
-203.5
-176.5
-146.5
-170.0
-185.5
-205.0
-178.0
-187.0
-198.5
128.5
-206.0
219.5
2228.5
-165.0
-147.5
-253.0
-183.5
-205.5
-194.0
-139.0
58.0
493.0
-202.5
-175.5
-143.0
-203.5
-198.0
-201.0
-191.0
-43.0
-208.5
-204.0
-206.5
-182.0
186.5
-96.0
-122.5
551.0
-189.5
-273.0
-136.5
-67.5
509.0
-148.0
-171.5
69.5
-89.0
-223.5
-201.0
-200.0
-136.5
-208.5
-228.0
-193.5
-242.0
-216.0
-214.5
-226.5
-167.5
-194.0
-204.5
-213.0
192.5
