-52
58
503
711
-101
712
30
24
101
231
14
-49
849
638
-42
-44
1462
48
-3
646
373
703
391
327
-9
485
-78
708
692
562
671
82
455
-28
442
603
584
144
-47
-38
-49
535
25
626
429
651
580
-56
610
731
-61
959
486
228
569
621
-57
80
762
80
66
142
626
626
59
3
-4
-54
63
-4
-70
-33
689
428
446
-35
472
422
557
-64
757
595
392
611
1026
54
192
20
549
5
-58
-64
559
144
607
690
575
611
604
-103
-96
379
594
686
473
417
482
733
565
650
-100
168
34
901
-26
206
570
28
9
-49
-91
-58
417
459
477
522
662
672
651
625
497
463
-13
88
529
576
337
537
490
462
490
541
-71
-64
-74
-76
-79
-90
445
-5
111
-69
-76
107
-70
-37
-99
356
-5
598
594
32
24
586
374
490
445
-109
-82
334
-77
-81
11
556
827
1037
630
479
375
604
549
684
548
425
510
398
414
429
552
651
518
606
678
551
573
670
457
436
501
396
155
380
375
650
488
412
436
483
361
417
405
302
383
361
187
424
397
377
409
378
493
520
-60
-7
-81
66
539
574
-21
423
838
394
392
409
586
457
311
291
168
203
95
414
685
773
1094
365
580
525
488
853
1
522
495
281
537
574
607
696
562
536
588
562
436
353
362
260
331
266
444
409
305
151
172
201
411
598
646
472
5
556
609
541
697
578
387
577
733
588
85
544
679
671
505
501
484
398
348
225
384
373
446
217
394
154
159
172
-13
7
-37
-5
58
20
-20
532
377
369
363
281
321
302
95
211
309
516
68
-89
-92
-85
-87
-69
-69
-42
475
532
631
506
411
383
411
375
486
44
70
182
708
603
481
389
369
384
325
465
408
393
356
379
336
389
435
396
438
325
308
344
215
217
153
158
211
492
426
351
317
428
-35
572
152
391
245
431
2007
-4
64
557
634
647
726
346
453
355
-1
334
120
343
311
373
339
209
275
110
77
27
12
19
6
-13
25
27
400
403
518
609
453
367
740
410
320
354
858
502
980
-57
-43
-90
93
134
588
413
657
484
488
386
399
401
490
355
395
487
474
569
201
116
-67
-91
-39
-36
-62
-70
-61
-70
78
1755
817
276
722
-36
-49
-43
466
408
402
421
551
623
494
589
444
395
440
389
444
1328
-90
-68
-69
384
-87
-105
-26
-78
-16
527
576
450
467
410
573
573
710
650
177
500
-57
-10
-4
-60
-61
-93
-89
-91
-89
-95
-66
-49
-55
-54
-67
-37
-22
1076
0
7
50
162
8
-15
90
-42
-61
1
551
719
476
413
433
593
523
458
578
650
524
408
625
441
403
415
411
389
404
399
413
435
552
420
439
365
394
478
477
387
403
405
388
348
410
427
432
391
530
500
443
383
422
410
392
368
370
465
380
550
434
397
400
373
368
354
350
348
418
362
440
434
442
595
358
627
606
624
60
819
668
752
763
1325
483
567
512
534
479
543
484
594
489
608
546
491
551
1082
579
579
509
471
286
163
664
381
341
327
325
275
318
361
344
118
336
330
208
281
311
227
254
392
445
665
476
450
418
570
636
574
544
716
598
527
673
542
434
423
499
593
532
507
435
595
489
454
457
386
412
468
351
355
266
469
552
1042
608
449
408
387
378
622
454
426
373
378
380
359
291
200
324
290
359
8
327
689
483
461
-21
575
464
400
514
437
414
403
405
427
378
469
447
438
434
625
447
463
367
413
433
422
736
502
526
504
464
519
472
565
1097
428
521
505
1
1204
124
657
227
949
629
683
887
819
217
58
-106
-94
27
-100
13
11
23
53
173
-106
-43
-54
-77
-96
-92
-15
619
113
517
668
73
96
-71
-89
-27
541
95
117
-46
-52
-49
-66
-32
-5
4
-5
524
565
549
711
620
704
641
774
625
601
523
696
796
622
654
224
-65
120
501
146
-66
499
519
145
116
-14
-42
-60
-61
-86
-99
139
-95
-72
-93
-74
-72
-83
-77
-101
-103
-104
-107
-53
-114
442
109
2
96
117
23
1252
540
-50
-58
-75
-89
-79
1
31
586
611
549
494
569
612
595
676
601
72
50
24
-48
-57
493
89
506
588
624
622
638
628
553
532
641
658
650
664
532
435
388
386
433
393
395
402
399
472
458
411
417
680
-16
571
698
570
438
453
446
501
495
489
428
397
405
430
478
438
488
531
674
1128
485
55
647
552
447
491
405
389
552
1233
488
529
602
355
436
423
508
618
-52
529
461
454
659
544
566
630
646
425
418
472
447
605
510
1031
479
413
469
446
726
8
537
663
525
481
425
401
372
423
542
587
452
513
645
487
414
537
454
417
448
408
375
372
472
379
623
467
408
405
420
531
633
480
421
436
614
515
469
445
395
401
369
382
388
371
358
364
369
369
366
451
414
393
426
472
440
383
1171
540
497
538
498
591
453
1000
398
340
353
351
357
367
403
358
379
410
404
403
435
456
457
531
491
467
434
441
517
479
558
555
496
458
427
437
420
451
452
454
491
429
419
462
618
423
636
467
528
591
563
471
106
489
577
475
683
492
746
439
-60
540
577
629
621
545
1548
654
535
488
387
396
394
413
434
521
633
515
501
466
524
430
431
415
408
611
523
476
477
616
563
479
518
435
414
603
590
534
512
540
581
536
524
547
502
539
587
600
554
531
637
564
507
450
441
1040
361
368
389
357
394
351
