-133
86
-69
321
49
1
87
68
731
333
-65
25
-34
543
815
381
19
-46
-59
355
606
60
830
-34
562
670
482
702
795
107
-77
-47
355
714
594
569
698
742
-38
549
940
778
122
735
429
30
-12
543
-87
552
655
752
-60
687
521
-79
15
645
-113
706
161
156
507
199
570
399
672
602
314
-80
27
389
617
617
-56
50
548
755
675
908
152
442
832
64
502
705
-56
50
437
-97
574
195
676
723
219
459
615
537
468
548
603
587
440
-99
688
-14
630
533
32
581
446
-39
560
641
-93
216
735
-68
500
-85
19
702
-61
-81
-89
-56
-35
760
-84
502
-66
-78
536
-69
629
-13
645
72
-88
560
597
588
510
-78
844
555
660
571
529
82
651
840
611
572
733
498
-52
480
608
617
503
-20
483
491
583
560
512
414
347
495
-76
797
560
-92
445
-14
-37
491
586
550
-90
591
592
570
604
595
546
-75
436
563
571
638
723
420
485
652
350
557
-101
569
515
-89
150
-49
471
-66
-104
571
694
583
634
534
583
527
625
541
683
643
774
-90
640
1027
540
586
503
969
415
561
446
-70
534
639
391
628
563
615
939
521
-103
700
558
527
546
570
555
30
-5
763
1171
585
1047
330
566
789
619
1022
559
506
364
-97
-57
-80
851
-94
756
-93
549
572
548
670
545
646
532
617
664
928
913
410
170
896
410
-83
557
117
434
467
554
479
548
-70
-1
557
648
525
407
399
598
583
607
553
661
586
380
450
377
569
590
523
-42
-21
1021
409
-111
-91
483
620
441
-73
661
1592
624
578
584
446
475
-103
503
578
618
482
510
-100
481
505
14
28
525
-19
-70
503
598
474
-94
204
310
51
68
25
-108
-102
-95
-88
-12
767
-49
657
556
226
537
595
547
595
583
667
15
551
508
516
809
579
585
509
586
513
541
575
596
586
478
519
550
525
624
618
501
378
601
414
380
677
802
575
569
432
502
351
558
718
1277
587
693
543
391
578
525
396
400
701
1244
-96
693
567
869
551
524
529
568
551
555
602
561
599
-98
-77
123
216
510
510
512
581
612
742
515
662
553
535
493
554
573
550
551
515
554
550
391
334
1136
504
686
179
857
644
608
184
561
526
549
566
610
557
474
416
466
432
457
507
632
585
553
506
566
394
568
577
515
334
852
523
515
511
443
449
445
522
531
367
446
619
541
521
592
418
391
571
516
510
515
602
618
504
528
929
525
642
756
275
532
530
545
538
496
566
514
502
573
606
548
567
438
557
660
664
721
503
526
643
643
490
570
532
629
622
1457
525
646
561
691
243
534
100
469
595
684
617
502
598
640
716
631
531
523
664
581
940
505
526
639
522
577
706
370
107
176
29
494
81
146
509
602
745
570
544
551
520
549
712
731
505
663
563
500
485
540
527
578
520
532
524
258
310
120
220
103
532
178
563
505
600
568
553
490
535
534
619
524
543
574
559
511
837
513
135
125
375
126
165
820
626
545
646
581
401
471
623
519
519
511
533
588
500
669
628
598
496
494
537
658
484
611
480
484
505
576
537
493
468
492
546
542
581
521
539
619
535
489
497
642
951
405
445
655
501
496
628
489
639
685
523
504
550
643
561
1681
482
457
477
514
666
145
324
149
532
717
558
613
517
554
670
503
537
542
493
575
539
640
670
494
672
825
484
560
815
578
697
526
150
566
622
499
518
971
699
504
578
606
628
1406
513
613
454
378
570
556
497
518
449
498
636
549
651
503
664
553
545
561
545
542
533
145
501
635
522
607
502
1240
467
501
611
580
852
484
557
609
491
713
519
529
183
560
656
534
720
620
531
521
810
282
661
489
528
884
601
666
498
505
573
715
634
551
488
504
514
660
733
650
618
564
626
489
501
900
588
581
601
482
571
642
860
263
157
775
248
103
855
648
1812
891
229
147
109
182
157
225
239
269
330
747
764
715
68
712
-14
19
1011
475
555
617
419
668
467
447
479
446
589
699
647
481
556
555
484
515
502
581
573
520
573
116
683
543
728
517
491
675
689
422
505
492
502
631
499
757
1301
258
666
644
702
660
419
568
549
648
581
628
491
500
463
593
581
677
322
723
668
630
306
-11
253
130
127
47
-28
65
249
354
1101
627
58
765
367
22
23
1302
529
511
487
525
632
531
584
499
523
547
556
487
533
532
244
179
38
1072
129
543
680
613
586
483
497
560
537
721
381
130
704
183
155
208
646
614
280
779
715
483
65
213
690
195
211
265
129
329
270
86
156
164
162
119
1265
127
193
108
626
351
102
189
553
511
534
619
561
554
491
599
505
574
552
535
636
609
541
607
541
576
526
498
500
506
594
799
502
587
612
575
747
615
512
573
575
565
513
906
1453
223
529
684
165
412
935
152
584
451
503
665
200
484
521
558
560
628
522
527
439
520
509
561
624
508
526
521
525
586
572
570
629
599
573
503
561
485
498
571
603
611
600
500
607
569
478
569
516
508
614
490
681
536
707
990
489
516
493
552
622
507
496
476
702
472
570
931
747
483
762
491
562
482
734
577
491
475
529
96
494
640
186
560
643
479
492
525
474
529
611
525
487
531
545
536
553
671
676
558
564
515
515
641
565
640
509
511
576
683
1071
520
666
523
892
475
491
476
541
995
645
493
497
161
515
475
520
585
658
501
585
566
235
559
495
651
643
615
580
544
540
609
497
516
623
580
539
555
486
630
544
562
515
257
595
468
535
483
548
227
483
476
503
502
547
487
561
573
250
1165
148
83
612
571
639
635
455
463
494
556
539
512
488
486
514
527
563
569
606
627
559
