-118.0
-192.5
-89.0
-198.0
-194.0
-142.5
-198.5
-208.0
-207.5
-185.5
-190.5
-168.5
-208.0
-200.5
-64.5
-210.0
-202.0
-122.5
-120.0
-197.0
-195.5
-203.0
-195.5
-180.5
-154.0
-224.0
-176.0
-135.0
-173.0
-155.5
-179.0
-205.0
-131.5
-206.0
-54.0
-26.5
-109.0
-206.5
-163.5
-186.0
-195.0
-81.0
-196.0
-203.5
-219.0
-207.0
-197.5
-110.5
-186.0
-202.0
-101.0
-193.0
-197.5
-171.5
-203.0
-193.5
-199.5
-182.5
-162.5
-72.0
-137.5
-195.5
-150.0
-185.0
-178.5
-186.5
-190.5
-197.5
-200.5
-205.5
-196.0
-199.0
-191.5
-178.5
-107.0
-199.5
-154.0
-210.5
-118.0
-130.5
-206.5
-127.0
-212.5
-204.5
-189.5
-151.0
-175.5
-141.0
-160.5
-203.5
-177.5
-206.0
-233.0
-178.0
-109.5
-74.5
-194.0
-176.5
-114.5
-206.0
-239.0
-184.5
-202.0
-194.0
-187.0
-179.5
-215.5
-168.5
-137.0
-198.0
-137.5
-179.5
-206.0
-133.0
-205.5
-221.0
-168.5
-120.0
-190.5
-197.0
-222.5
-197.0
-170.0
-201.0
-177.0
-194.5
-141.5
-172.0
-66.0
-187.0
-170.0
-108.0
-203.5
-127.5
-163.5
-163.5
-95.5
-210.0
-156.5
-205.5
-94.5
-210.5
-85.0
-135.5
-103.0
-225.0
-128.5
-236.0
-65.0
-204.0
-203.5
-205.0
-189.5
-195.5
-135.0
-128.0
-156.0
-166.0
-205.5
-203.0
-165.0
-136.0
-197.0
-179.5
-201.0
-54.5
-200.0
-188.0
-83.5
-203.0
-168.0
-199.0
-117.0
-147.5
-163.5
-148.5
-207.0
-174.0
-189.5
-174.0
-154.5
-145.5
-176.5
-129.5
-201.0
-200.5
-199.5
-148.0
-128.0
-167.0
-204.5
-107.5
-139.5
-204.0
-159.5
-184.0
-197.0
-137.0
-184.0
-229.5
-119.0
-155.0
-94.5
-196.5
-206.0
-203.5
-200.5
-204.0
-131.5
-210.0
-136.5
-89.5
-204.0
-200.5
-244.5
-144.5
-116.5
-205.5
-145.0
-190.0
-191.0
-198.0
-240.5
-159.0
-221.0
-197.0
-199.5
-179.0
-125.5
-139.5
-188.5
-203.0
-201.5
-160.0
-196.5
-204.5
-131.0
-202.0
-205.0
-198.5
-211.0
-164.5
-208.0
-174.5
-172.5
-195.0
-163.5
-254.5
-199.5
-195.5
-168.0
-125.0
-209.0
-129.5
-196.0
-128.5
-195.0
-106.5
-139.0
-178.0
-103.5
-143.0
-172.5
-149.0
-183.0
-99.5
-188.0
-142.0
-196.5
-164.0
-181.0
-127.0
-190.0
-172.0
-196.0
-189.5
-200.0
-165.0
-191.0
-104.5
-159.5
-122.0
-61.5
-205.5
-124.0
-164.5
-151.5
-136.0
-202.5
-195.0
-198.5
-186.5
-187.0
-192.0
-189.0
-158.5
-150.5
-191.5
-186.0
-161.5
-132.0
-195.5
-186.5
-222.5
-138.0
-182.0
-103.0
-199.0
-203.0
-48.5
-151.5
-151.0
-203.5
-134.5
-138.0
-161.0
-131.0
-168.5
-171.0
-203.0
-193.5
-167.0
-130.5
-240.0
-208.5
-192.5
-183.0
-146.0
-188.5
-128.0
-149.0
-232.5
-138.0
-170.5
-114.5
-132.0
-176.5
-128.5
15.5
-195.5
-188.0
-215.0
-205.5
-162.5
-203.5
-136.5
-193.5
-204.0
-136.5
-185.0
-102.5
-197.0
-95.5
-171.5
-191.5
-148.0
-118.0
-96.0
-195.5
-98.5
-145.5
-191.0
-183.5
-85.0
-141.0
-226.0
-139.5
-203.5
-104.5
-185.0
-226.5
-196.0
-172.5
-99.5
-82.0
-95.0
-200.5
-198.5
-59.0
-127.0
-115.5
-132.0
-129.5
-134.5
-86.0
-130.5
-195.0
-152.5
-130.5
-249.5
-198.0
-151.0
-196.5
-195.0
-210.5
-129.0
-134.5
-183.0
-202.0
-129.5
-82.0
-142.5
-193.5
-180.0
-82.5
-154.5
-140.0
-194.5
-180.5
-185.0
-102.0
-96.0
-196.0
-197.5
-96.5
-136.0
-203.5
-190.0
-144.0
-185.0
-200.0
-120.0
-194.0
-196.0
-160.0
-156.0
-186.5
-92.0
-99.5
-197.0
-138.5
-180.0
-205.5
-6.5
-181.0
-197.0
-198.0
-169.5
-155.5
-204.0
-111.5
-193.0
-193.0
-195.5
-200.5
-200.0
-188.5
-187.0
-205.0
-78.5
-175.5
-151.5
-193.5
-177.0
-204.0
-162.0
-153.5
-155.5
-221.0
-192.5
-155.5
-142.5
-166.5
-193.0
-189.0
-35.0
-201.5
-248.0
-120.5
-152.5
-161.5
-155.5
-141.5
-134.0
-184.0
-145.0
-144.0
-168.0
-187.0
-188.0
-193.0
-206.5
-180.0
-152.0
-137.0
-163.0
-168.0
-150.0
-200.0
-186.0
-83.0
-136.5
-164.5
-158.5
-204.5
-189.0
-194.0
-121.0
-196.5
-147.0
-184.5
-186.0
-134.0
-47.5
-69.0
-120.0
-180.0
-190.5
-216.5
-196.0
-188.5
-109.0
-128.5
-137.0
-66.0
-186.0
-200.5
-185.5
-119.0
-164.5
-157.5
-155.5
-217.5
-17.5
-195.5
-153.0
-131.0
-137.5
-163.5
-197.0
-152.0
-79.0
-162.0
-154.0
-162.5
-195.0
-189.0
-183.0
-140.5
-180.0
-117.5
-72.0
-112.0
-203.5
-122.0
-175.0
-197.5
-175.5
-212.0
-193.5
-223.0
-185.0
-128.5
-154.5
-194.5
-133.5
-181.0
-105.0
-218.0
-129.5
-163.5
-190.0
-160.0
-196.0
-198.5
-68.0
-148.5
-128.5
-163.5
-164.0
-195.5
-179.5
-145.0
-168.0
-176.5
-50.0
-139.5
-158.0
-126.0
-212.5
-202.0
-186.5
-192.5
-155.0
-105.5
-200.0
-120.5
-136.0
-152.0
-153.5
-197.5
-192.5
-189.0
-131.0
-118.5
-205.5
-64.5
-91.5
-183.5
-149.0
-106.0
-215.0
-186.5
-107.0
-194.5
-185.5
-145.0
-179.0
-111.0
-130.0
-150.0
-200.0
-189.0
-190.5
9.0
-200.0
-138.0
-148.0
-166.5
-202.5
-62.5
-93.5
-89.0
-205.0
-187.0
-198.0
-196.0
-164.0
-83.0
-81.5
-199.5
-180.5
-197.5
-188.5
-218.0
-194.5
-78.0
-197.0
-197.0
-197.5
-40.5
-137.0
-208.5
-195.0
-161.5
-187.0
-139.0
-180.0
-185.0
-154.5
-185.0
-194.0
-121.0
-178.5
-181.5
-80.0
-176.0
-135.5
-182.5
-124.0
-119.0
-153.0
-185.0
-236.5
-111.5
-190.0
-105.0
-144.5
-193.0
-84.5
-130.5
-178.0
-198.0
-140.0
-143.5
-72.0
-169.0
-168.5
-101.0
-171.5
-190.0
-93.0
-134.0
-122.0
-193.5
-121.5
-159.5
-183.5
-152.5
-163.0
-143.5
-188.5
-139.0
-188.0
-68.5
-180.0
-155.5
-138.5
-150.5
-47.0
-117.5
-163.5
-152.0
-198.0
-94.0
-90.0
-164.0
-42.0
-106.5
-142.5
-138.0
-95.0
-181.0
-194.0
-108.5
-195.5
-194.5
-107.0
-117.5
-196.0
-64.5
-132.5
-158.5
-110.5
-128.0
-167.0
-189.0
-194.0
-183.0
-149.0
-130.5
-96.0
-154.0
-171.0
-111.0
-170.5
-190.0
-145.0
-67.5
-92.5
-145.5
-136.0
-139.5
-179.5
-197.0
-90.0
-149.0
-96.0
-165.5
-155.0
-82.5
-133.0
-196.0
-194.0
-46.5
-184.0
-196.0
-109.5
-185.0
-136.5
-203.5
-167.5
-148.0
-187.5
-196.5
-196.0
-190.0
-205.5
-190.0
-195.5
-196.0
-203.5
-188.0
-203.0
-186.0
-129.5
-201.5
-195.0
-191.5
-193.5
-149.5
-150.0
-40.5
-109.0
-161.0
-197.0
-142.5
-179.0
-184.0
-144.5
-145.5
-154.5
-193.0
-185.0
-115.5
-178.0
-210.5
-177.5
-178.0
-148.0
-160.5
-198.5
-170.0
-188.5
-188.5
-164.0
-141.0
-139.5
-124.5
-140.5
-181.0
-129.0
-130.5
-136.5
-116.0
-199.5
-175.0
-112.0
-190.0
-183.0
-108.5
-162.0
-165.5
-110.5
-196.0
-177.0
-69.0
-136.0
-179.0
-165.5
-214.0
-109.0
-200.0
-191.5
-191.5
-198.5
-176.5
-193.5
-198.0
-186.5
-129.0
-116.5
-68.5
-192.5
-119.0
-195.0
-122.0
-92.5
-131.0
-72.0
-103.5
-119.0
-165.0
-123.5
-194.5
-129.5
-129.0
-100.5
-176.0
-159.5
-164.0
-138.0
-176.0
-140.0
-79.5
-194.0
-29.5
-130.0
-196.5
-147.0
-152.5
-68.5
-132.0
-68.5
-161.0
-140.5
-201.0
-134.5
-194.0
-129.5
-157.0
-63.5
-175.5
-181.5
-146.5
-200.0
-179.5
-181.0
-65.5
-110.5
-122.5
-177.0
-109.0
-154.5
-190.5
-114.0
-203.0
-128.5
-105.5
-127.0
-126.5
-190.5
-103.5
-139.5
-12.5
-129.0
-195.5
-146.5
-183.5
-136.5
-162.5
-186.0
-167.0
-200.5
-206.0
-188.5
-74.5
-64.5
-172.0
-168.5
-146.5
-198.0
-145.0
-68.5
-160.0
-121.0
-196.5
-184.5
-133.5
-119.5
-124.0
-106.0
-113.0
-116.0
-106.5
-185.0
-96.5
-115.0
-63.0
-43.0
-25.0
-138.5
-166.5
-109.0
-132.0
-130.0
-190.0
-57.5
-93.0
-86.0
10.0
-131.0
-68.5
-129.0
-125.5
-85.0
-134.5
-102.0
-202.5
-120.0
-67.5
-165.0
-135.0
-131.5
-131.0
-54.5
-138.5
-168.0
-119.0
-111.5
15.0
-147.5
-146.0
-126.5
-51.5
-125.5
-115.5
-169.0
-195.0
-65.5
-113.0
-51.5
-143.5
-98.0
-177.0
-104.5
-131.0
-59.5
-133.5
-155.5
-112.0
-238.0
-75.5
-117.0
-97.5
-30.5
-47.5
-176.5
-143.0
-145.5
-132.0
-123.5
-125.0
-125.0
-105.0
-192.5
-132.0
-190.0
-113.0
-127.5
-123.5
-140.5
-127.5
-70.5
-68.0
-82.0
-133.0
-100.0
-131.5
-186.0
-191.5
-135.0
-166.5
-68.5
-131.5
-143.0
-107.5
-165.5
-102.0
-99.5
-76.5
-31.0
-166.0
-131.5
-76.0
-123.5
-206.5
-144.0
-124.0
-177.5
-161.5
-135.0
-198.5
-119.0
-125.0
-102.0
-120.0
-133.0
-104.5
-187.0
-128.0
-124.5
-113.5
-144.5
-62.5
-100.0
-129.5
-192.0
-44.5
-15.5
-180.0
-128.0
-155.5
-118.0
-135.0
-192.0
-72.5
-146.0
-81.0
-122.5
-137.0
-118.0
-189.5
-55.0
-177.0
-177.5
-123.0
-26.5
-195.0
-46.0
5.0
-59.5
-137.0
-76.0
-184.5
-120.0
-193.0
-26.5
-41.0
-200.5
-92.0
-77.0
-156.0
-133.0
-81.5
-130.0
-124.5
-122.5
-125.0
-71.5
-81.5
-121.0
-116.5
-104.5
-36.0
-21.5
-112.5
-190.5
-124.0
-95.5
-25.5
-189.5
-83.5
-117.5
-126.0
-23.0
-135.5
-139.0
-118.5
-161.0
-178.5
-133.0
-134.0
-118.5
-105.0
-110.0
-129.5
-183.5
-121.5
-156.5
-120.5
-82.5
-122.5
-131.5
-204.0
-122.5
-134.5
-125.5
-202.0
-197.5
-74.0
-193.5
-201.0
-102.0
-71.5
-201.0
-186.5
-84.5
-166.5
-121.0
-84.5
-117.0
-174.0
-168.0
-122.0
-85.5
-170.5
-142.5
-84.5
-115.5
-187.5
-115.5
-124.5
-180.5
-94.0
-132.0
-130.5
-56.0
-52.5
-131.5
-122.0
-124.5
-133.5
-128.0
-92.5
-116.5
-124.5
23.5
-43.5
-119.5
-108.5
-152.0
-122.0
-119.5
-118.0
-133.5
-85.0
-201.0
-132.5
-162.0
-126.5
-86.5
-135.5
-126.0
-161.0
-119.5
-115.0
-161.5
-135.0
-102.5
-106.5
-120.5
-106.5
-117.0
-46.0
-131.5
-190.0
-231.0
-130.5
-113.0
-135.0
-56.5
-113.0
-146.0
-181.0
-199.5
-104.5
-126.0
-198.5
-119.5
-99.0
-134.5
-168.5
-144.5
-45.0
-136.5
-59.0
-109.0
-131.5
-79.0
-133.5
-133.5
-104.0
-71.5
-76.0
-60.0
-31.0
-145.5
-135.5
-65.0
-113.0
-124.0
-111.5
-144.5
-109.5
-169.0
-52.0
-108.5
-166.5
-121.5
-107.5
-91.5
-136.0
-117.5
-102.0
-121.0
-8.5
-133.0
-197.5
-133.5
-109.5
-156.5
-113.5
-167.5
-129.0
-116.5
-134.5
-203.0
-126.5
-129.0
-204.5
-142.5
-203.0
-201.5
-101.0
-186.5
-74.0
-139.0
-100.5
-114.5
-200.5
-76.5
-31.5
-124.5
-172.5
-84.5
-114.0
-98.0
-55.0
-153.5
-181.0
-100.5
-136.0
-156.5
-157.5
-132.0
-90.5
-182.0
-101.0
-120.5
-51.5
-136.0
-131.0
-174.5
-146.0
-45.0
15.0
-125.5
-197.5
-89.5
-117.5
-186.5
-112.0
0.0
-181.0
-116.0
-128.5
-130.0
-158.0
-196.0
64.5
93.5
-159.0
-137.0
-130.0
-125.5
-168.5
-128.0
-196.5
-101.5
-125.5
-81.5
-197.5
-14.5
-126.0
-129.0
-134.5
-118.5
-16.0
-126.5
-147.0
-7.5
-121.5
-138.0
-160.0
-137.5
-163.0
-53.0
-130.5
-119.5
-138.5
-77.5
-70.5
-37.5
-124.0
6.5
-132.0
-127.0
-117.5
-102.0
-202.0
-141.5
-112.5
-155.5
-169.5
-33.5
-76.5
-86.0
-113.0
-47.0
-61.5
-41.0
18.5
-54.5
-143.0
-123.5
-103.5
-138.0
-65.0
-179.5
-146.0
-143.0
-100.5
-49.5
173.5
-102.5
12.5
-49.5
-19.5
-104.0
-61.0
-129.5
-130.0
-76.0
-82.0
-58.5
-105.0
-128.0
-51.0
-119.0
-162.0
-92.0
-135.5
-101.0
-163.5
-41.0
-171.0
-50.0
-129.5
-139.5
-57.5
-72.0
-191.5
-71.0
-130.5
-118.0
-24.5
-18.0
-188.0
-124.5
-190.5
-108.5
-123.0
-47.5
-186.0
-84.5
-89.5
-191.5
-191.0
-195.5
-188.0
-123.5
14.5
-152.0
-38.0
-145.0
-120.5
-137.0
-103.0
-102.0
-187.5
-109.0
-2.0
-137.5
-177.5
-38.0
-25.5
-123.5
-107.5
-123.5
-76.5
-125.5
-26.5
11.5
-183.0
-45.5
-125.0
-132.5
-190.5
-80.5
-173.0
-140.0
-95.5
-94.5
111.5
-114.5
-128.5
-66.0
-157.5
-52.0
-69.0
-117.0
-70.5
-116.5
58.0
-84.0
-18.0
-138.5
-127.5
-40.5
8.0
-80.0
-167.5
-89.5
-118.0
-85.0
-67.0
-161.5
-131.5
-42.0
-43.0
-60.0
-18.0
-66.5
-51.5
-14.5
-76.0
-18.5
-129.5
-30.0
-78.5
-166.0
4.5
8.0
-32.5
-8.5
-51.5
-86.5
-56.5
-61.0
-120.0
-100.5
-123.0
-17.5
-121.5
-64.5
-132.5
-36.5
-99.0
-155.0
-128.0
-132.5
-42.0
-133.0
-115.0
-19.0
-100.5
-98.0
-141.5
-133.5
-85.0
-107.0
-123.5
-133.5
-158.0
-0.5
-55.5
-146.5
-76.5
-9.5
-51.0
-107.5
-110.0
-126.0
-74.5
-10.5
-161.5
-62.5
-193.0
-77.5
-88.0
-33.5
-107.5
-5.5
-54.0
-146.0
-94.5
-126.5
12.5
-54.0
-126.5
-53.5
-110.0
-135.0
-132.0
-23.5
-18.0
-164.5
-196.0
-106.0
-67.0
-42.0
-127.5
-107.0
-65.0
-45.0
-103.0
-7.0
-1.5
-47.5
-128.5
-170.5
-121.5
-107.5
-17.5
-168.5
-171.5
-2.5
-115.5
-74.0
-126.5
-113.0
-142.5
-164.5
-28.0
-113.5
-122.0
-49.5
-98.0
-127.0
-166.0
-133.5
-127.5
-120.0
-129.0
-87.5
-127.0
-78.5
-184.0
-126.0
-8.5
-118.5
-160.5
-26.5
-66.5
-104.0
-106.5
100.5
-25.5
-110.0
-64.5
-19.0
-131.5
-126.0
17.5
-98.5
-130.5
-37.0
0.0
-63.0
-46.5
-111.5
-23.5
-4.5
-91.5
-150.5
-47.5
-125.0
38.5
-200.0
-36.0
-8.0
-73.5
-30.0
-117.0
-3.0
-212.0
-49.5
-134.5
-25.5
-94.5
-113.5
-129.5
-181.0
-129.0
-30.0
-118.0
-10.0
-4.5
-129.5
-154.0
-91.5
-187.0
-124.0
-113.0
-165.0
-139.5
-26.5
-68.0
-31.0
-181.5
-124.0
-200.5
47.0
-127.5
16.5
-116.0
-168.5
-15.5
-33.5
-137.5
-138.0
-135.5
-35.0
-183.0
-171.0
76.5
-96.0
-118.5
-120.0
-164.5
-51.5
-179.0
-135.5
-65.5
-11.0
-120.0
-123.5
-47.5
-98.0
-133.0
-14.5
-119.5
-37.0
-154.0
-126.5
-79.0
-30.0
-109.5
-87.5
-88.0
-32.0
-27.0
-98.0
-131.5
-182.5
-85.0
3.5
-48.0
-141.0
-108.0
-16.0
-133.0
-165.5
-133.5
-14.0
-67.5
5.0
45.0
-13.0
-2.5
-124.5
-31.5
-127.5
-128.5
-44.0
-128.5
-24.5
-166.5
-77.5
-52.0
-122.0
-41.5
-175.5
37.5
-94.5
-47.0
-104.0
-31.0
-53.0
-13.5
-76.0
-131.5
-200.5
-81.0
-106.5
-21.0
-32.0
-97.0
-47.0
-130.5
-120.5
-175.0
-126.5
-11.0
-128.0
-103.5
-16.5
-21.0
-167.5
-203.5
-210.0
-128.5
-192.0
-207.0
-207.5
-164.5
-133.5
-196.0
-84.0
-208.0
-155.0
-204.5
-163.0
0.0
-34.5
-137.0
-119.5
-21.0
-60.5
-13.5
-115.0
-141.5
-106.0
-126.5
146.5
-15.0
-122.0
-42.0
-17.5
3.5
65.5
-8.5
68.0
-58.5
0.0
-29.5
-26.0
-28.5
-36.0
10.0
-57.0
-20.5
-198.0
-31.0
-79.5
-131.0
-107.0
-22.5
-117.5
-177.0
-30.0
-116.0
-191.5
12.5
-110.5
12.0
-29.5
-54.0
-45.5
-129.5
-57.0
-1.0
-66.0
-169.5
-123.0
-125.0
-3.5
7.0
-38.0
-79.5
-135.0
-172.0
-47.5
-105.0
-94.0
-126.5
5.0
-9.5
-111.5
41.0
-176.5
-59.0
-70.5
-128.5
1.0
-125.5
-15.0
-12.0
40.0
-64.5
57.5
-111.5
-55.5
-19.0
35.0
-97.5
-126.0
-74.5
120.5
-169.0
-185.5
-53.5
-194.0
-57.5
-105.0
-77.5
-130.0
-133.0
-113.0
-93.0
-112.5
-95.0
-139.5
-145.0
-130.5
-26.5
-79.5
-33.5
-157.0
-119.5
-126.5
-114.5
25.0
-71.5
-11.5
-43.0
-49.5
-44.5
-82.0
-170.5
-66.5
-30.5
6.0
-33.0
-116.0
72.0
-2.5
-172.5
-126.5
-32.5
-128.0
-128.5
-87.5
-145.0
-118.5
-151.0
-31.5
3.0
-108.0
-141.0
-78.5
-58.5
-29.0
-188.5
-99.0
-147.5
-14.0
-174.5
-191.0
-199.5
-15.5
-78.5
-49.5
-13.5
-188.5
-58.0
-32.0
43.0
-62.0
-168.0
12.5
-122.0
-29.0
-126.5
-100.0
-158.0
-14.0
-6.0
-131.0
20.5
-116.0
-17.5
197.0
-118.0
-18.5
-129.5
-120.0
-167.0
-134.0
46.5
-160.5
28.5
16.5
-137.5
-173.0
-12.5
-170.5
-104.0
-128.5
-18.5
-111.0
-37.5
-133.0
-140.5
-130.5
-12.0
-8.0
-63.0
-54.5
-126.5
-31.5
-100.5
-117.5
-168.5
64.5
-77.0
-10.0
-167.0
-40.5
11.0
-110.0
-24.0
-133.0
-119.0
-158.5
-90.5
-148.0
-126.5
-66.5
-130.0
-152.0
-47.5
-171.5
-58.5
-66.5
-92.0
-136.5
-57.0
-64.5
-167.0
-164.0
-134.0
-130.5
-123.5
-54.0
-120.0
-163.5
-133.0
-48.5
-128.0
-128.5
-65.0
-73.0
-7.0
-27.5
-31.0
-122.0
-35.0
-48.0
-37.5
-17.0
-70.0
-96.5
61.0
-107.5
-97.0
-10.5
-64.0
-185.5
-180.5
25.5
-102.0
-103.5
-13.5
-177.5
-23.5
81.0
5.0
-128.0
-194.0
-135.5
-104.5
-118.5
-48.5
-122.5
-159.5
-170.0
-40.5
-89.0
-20.0
-35.0
-28.0
-14.0
-131.5
-121.5
-17.5
-168.5
90.0
-105.0
-53.0
-128.5
-71.5
-128.5
63.0
-8.5
-173.0
44.0
-184.5
-116.5
-83.5
-133.0
-122.0
-37.0
-47.0
2.0
29.0
-44.0
-98.5
-41.5
-31.0
-128.5
-165.0
-118.0
-154.5
-124.5
-124.5
-122.5
13.0
-35.5
3.0
-74.5
-80.0
-137.0
-14.5
-16.5
-193.5
-182.0
-29.5
-34.5
-34.0
-26.5
-125.5
-170.0
-42.5
-128.5
-119.0
-10.5
-125.0
-44.0
117.5
-141.0
-37.5
-31.0
-48.0
-120.5
-63.5
-126.0
-116.5
-23.0
-124.5
-196.0
-168.0
-51.0
-161.0
-36.0
-132.0
-48.5
-19.5
-122.5
-189.5
-94.0
-31.0
-104.0
-12.5
56.5
-71.0
-122.5
-52.0
-55.5
-133.5
-167.0
-45.0
-45.0
-85.5
-48.5
74.0
-126.5
-142.5
-109.0
-5.0
-163.0
-26.0
-37.5
-85.0
-122.0
-79.5
-104.5
-18.0
-34.5
-103.0
-152.0
-56.5
-121.5
-107.0
-26.0
-29.5
-75.5
-14.5
-42.5
-121.0
-141.5
-117.5
-162.0
-113.0
-130.5
-163.5
-132.0
-98.0
-39.0
-83.0
-133.5
-101.0
-6.5
-119.0
-166.0
-19.5
-32.0
-58.0
-6.0
-137.5
-4.0
-113.5
-65.0
-120.0
-27.0
-169.5
-112.5
-18.0
-165.0
-28.5
-126.5
-53.5
-173.0
-8.5
-179.0
-22.0
-62.0
-149.5
-19.0
-38.0
-32.0
-130.5
-69.0
-62.0
-60.5
-132.0
-33.5
-37.0
-21.0
-126.5
-44.5
-15.0
-70.5
95.5
-166.5
-5.5
-25.0
-6.0
-31.5
-130.5
-129.0
41.5
-16.5
-165.5
-10.5
129.5
-13.0
-71.0
-109.0
33.5
-44.0
-80.0
-124.0
3.0
-164.0
-12.5
72.0
-117.5
-3.5
11.5
-116.5
-33.5
-142.5
21.0
-21.5
18.5
-6.5
-158.5
-165.0
63.5
-74.0
-91.5
-36.0
-65.0
-109.5
64.0
46.0
-49.0
-32.5
-59.5
-34.0
-109.0
-121.5
-118.5
-26.0
-13.5
-31.0
-52.5
-131.5
-109.5
-77.0
-125.5
-11.5
-44.0
1.0
-55.0
-125.0
-57.5
-61.5
-52.5
-16.5
-121.0
-29.5
-22.5
-115.0
-134.5
-47.0
-39.0
-80.0
-137.0
-24.0
-87.0
-10.0
-51.5
-41.0
-41.5
-12.5
-107.0
-144.0
-16.5
71.5
-11.5
-47.0
-37.0
-35.5
-56.0
-117.0
-47.5
-29.5
55.5
-30.5
125.5
-167.5
-35.0
-133.0
-67.0
-16.0
-100.0
-12.5
-134.5
0.5
-19.0
-133.5
-167.0
-24.5
-2.5
-19.0
-6.5
185.0
-16.5
42.5
-35.0
-28.0
67.0
-85.5
-8.5
-113.5
-34.0
-43.5
-159.5
-136.5
-32.0
28.5
-36.0
-127.5
-30.0
-125.0
-66.5
-15.0
-123.5
7.0
-35.0
-167.5
10.0
-30.0
-131.5
-40.0
-167.5
-129.5
-25.5
122.5
-33.0
-10.5
-30.5
-170.0
-12.0
-26.0
-116.0
-135.0
-125.5
-14.5
-155.5
-56.0
-41.0
-61.5
-122.0
-77.5
-31.0
-107.0
-69.5
-38.0
-129.0
7.0
-7.5
-28.0
-115.5
-72.0
-129.5
0.5
42.5
-122.5
-12.0
-61.5
-103.0
-48.5
-116.0
-182.5
1.0
-55.0
-124.0
-43.5
-29.5
-169.5
-134.0
-25.5
-24.0
-94.5
-125.5
1.5
-129.0
-117.5
13.0
-1.0
-25.5
-15.5
73.5
-30.5
24.5
-10.5
-1.5
-132.0
-6.5
-1.5
-37.5
-43.5
-128.0
-16.0
-38.0
-39.5
-120.5
-23.0
-166.0
-54.5
13.0
-40.0
-104.5
-12.0
-43.5
66.0
-36.0
-34.5
-11.0
-78.5
-19.0
-25.5
-11.5
-28.5
5.0
-129.0
-28.5
-56.0
-13.5
-25.0
-39.5
34.5
-21.5
-134.5
-10.0
-13.0
-115.0
-32.5
-45.5
-45.5
4.5
4.0
-162.0
-26.5
-27.0
-36.5
-129.5
-34.5
2.0
-144.0
-32.0
-167.5
-27.0
56.0
40.0
-117.5
-34.0
-17.5
97.0
-121.5
-37.0
-128.0
-122.0
18.5
-121.0
26.5
-123.5
-190.0
-115.5
46.0
-123.0
-32.0
-102.5
-117.5
-135.5
-36.5
-7.5
-30.5
-114.5
-107.0
-20.5
-78.5
-97.0
-44.5
-33.0
-74.5
-126.0
-47.5
-87.5
-132.0
-117.0
-31.5
-158.0
-24.0
-118.5
-37.5
-170.5
-106.5
-37.0
-12.5
-133.5
-38.5
-42.5
-113.0
-28.0
-120.5
9.5
-20.0
-48.5
-11.0
-25.0
-139.5
-28.0
-121.0
-189.0
-24.0
-107.5
-54.0
-129.5
-35.0
-38.0
-123.5
-13.5
-71.0
-51.5
-44.0
-28.5
-124.5
-59.5
-28.0
-71.5
-44.5
-51.5
-32.0
-129.5
-126.5
-44.0
-165.5
-8.5
-163.5
-75.0
-120.5
-45.0
-137.0
-57.0
-60.0
-98.0
-46.0
-165.5
-9.5
-145.5
-30.5
-152.5
-163.5
-37.5
-49.0
58.0
-48.5
-10.0
-33.0
13.5
-34.5
-35.5
-136.5
-130.0
-168.0
-105.5
-4.5
32.5
-2.5
52.5
-128.0
-6.0
-103.0
-30.5
-22.5
-26.5
-166.5
-13.0
-42.0
-89.5
-63.5
-28.0
34.0
-29.5
-35.5
-48.5
-108.0
-14.0
-17.5
-32.5
-42.0
-86.0
-28.5
-40.5
-4.5
-24.0
36.5
-29.5
-26.0
-125.5
-40.5
-149.0
-194.0
-52.0
-46.0
-27.5
-44.0
9.5
-24.0
-3.0
-10.0
-36.0
-2.0
-180.5
26.5
10.5
-34.0
-12.5
42.5
-2.5
-164.5
-71.5
-168.0
-35.0
-36.0
-139.5
-162.0
-126.5
-2.5
-38.5
-45.0
-23.0
-14.0
-159.5
25.0
-25.0
-41.0
-57.5
-125.5
-138.0
-28.5
-3.5
-163.5
-39.0
-71.0
-119.5
-124.0
-127.5
-137.5
-113.5
-19.0
60.0
-103.5
-168.5
-30.0
23.5
-42.5
-53.0
-123.0
-22.0
-44.0
-34.0
-35.0
-99.5
-19.0
-14.0
-174.0
-41.0
-171.5
-120.0
-4.0
-101.5
-127.5
-173.5
-133.5
0.0
-10.0
-24.5
31.5
-41.5
-112.0
-57.5
-123.5
4.5
-48.0
-17.5
-177.5
-126.5
-34.0
3.5
34.0
-50.5
-168.0
-163.0
-129.5
-124.0
-103.5
77.0
-115.0
-135.5
-148.5
-104.5
-24.0
102.0
-0.5
-126.5
56.0
-28.5
-9.0
-12.5
-157.5
-187.5
-146.0
-192.0
-35.0
4.0
-168.0
-111.0
-189.0
-190.0
-21.0
166.5
-40.0
-32.0
-46.5
-49.5
-87.0
-132.5
-30.5
-41.5
-140.5
-31.0
-12.5
-51.0
-120.5
102.0
-181.0
-141.0
42.0
-111.0
-33.0
-4.5
13.0
-107.5
-115.5
-122.5
-53.0
-155.0
-28.5
-51.0
-38.5
55.5
-47.0
-20.5
-13.0
-168.0
-41.0
21.5
-126.0
-85.0
-124.5
-139.0
156.5
-163.0
-112.0
-49.5
-178.5
-37.0
-38.0
-41.5
-33.5
35.5
-137.5
-134.5
-15.0
-40.5
-89.0
-7.5
-163.5
98.5
-64.5
-33.0
-40.5
-13.0
-8.5
-25.0
-126.0
-119.0
-0.5
24.5
-10.0
-175.0
-40.5
-24.5
-118.5
-47.0
-44.0
2.5
-119.5
-110.0
143.0
5.0
-50.5
-12.5
-112.0
-26.5
4.5
9.0
77.5
-32.0
-135.0
-105.5
-36.0
-126.0
-126.5
-2.0
-7.0
-35.0
-166.5
-42.5
32.0
-170.5
-13.0
-115.0
-213.0
-142.0
-129.0
-123.0
-34.5
-130.0
-125.5
-49.0
-34.0
-169.5
-1.5
-183.5
-104.5
-125.0
60.5
13.0
-76.0
-124.0
-114.0
-25.5
-168.0
43.0
-33.5
-123.0
-47.5
-13.5
-88.0
-166.5
-68.0
0.5
-72.5
-69.0
-33.5
-144.0
-128.0
-20.0
-126.5
-23.0
-23.5
51.0
-8.5
-15.0
-36.0
-164.5
64.5
-49.0
-111.5
61.0
-49.5
-133.0
-56.5
-76.0
-132.5
-140.0
156.0
-43.5
9.0
-11.0
-0.5
-78.5
-21.0
-28.0
-44.5
-98.5
-126.0
-42.5
-53.0
-38.0
-43.0
-68.5
-107.5
-122.0
-7.0
-127.5
6.5
-95.0
-45.0
58.0
-121.0
-199.5
18.5
-130.0
-36.5
-10.5
-21.5
-123.5
35.0
-24.5
-51.5
-114.5
-16.0
-122.0
-113.0
11.5
-1.0
-18.0
-118.0
-46.5
-32.0
-37.0
-123.0
-103.0
-155.0
-41.0
-10.0
-120.5
-126.0
-9.5
-45.0
-113.5
-162.0
-32.0
-24.5
-47.0
-15.0
-44.0
-46.5
-40.0
83.5
-23.0
-38.0
-61.5
-117.5
-11.5
-11.5
-6.0
13.0
-35.0
-10.0
-28.0
61.5
-167.0
-17.5
-137.0
-39.0
-56.0
-62.0
2.5
-4.0
29.0
-124.5
-128.0
-166.0
-80.0
-51.5
53.5
13.5
-153.5
-130.0
-62.0
-33.5
16.0
-41.0
-57.0
-17.5
43.5
-19.5
-47.0
-108.0
48.0
20.5
-20.0
-125.5
-131.5
-26.5
6.0
-10.0
-28.5
76.0
-143.0
-43.5
-10.5
-138.5
-126.5
-125.0
-119.0
-6.0
-96.5
-109.5
-6.5
-144.0
-129.5
-38.0
-26.0
120.5
-41.0
-130.5
-131.0
-172.0
-70.5
-47.0
-34.0
-32.0
-167.0
-2.5
-128.0
-132.5
-31.5
-128.5
-76.0
-130.5
-59.5
-123.0
-92.0
-41.0
-24.0
-42.0
21.5
-37.5
-12.0
-130.0
-82.0
-47.5
-133.0
-142.5
-102.5
-127.0
-130.5
-117.5
-46.5
-128.0
-21.5
-49.0
-31.0
-34.0
-1.5
6.0
-43.5
-10.5
-1.0
-8.5
-6.5
-143.5
-126.5
229.0
-121.0
-30.0
40.0
-2.0
-63.5
-13.5
94.5
-25.0
-30.0
-12.0
-64.5
-129.5
-7.5
-21.0
-31.0
-52.5
-40.0
-4.0
-22.5
-121.0
-117.5
-85.5
-14.5
-82.5
-41.5
-145.0
-83.5
2.5
-32.5
65.5
-113.0
-34.0
-40.0
151.0
-18.5
-13.5
-165.5
320.5
-46.0
-14.5
-11.5
-160.5
41.5
-143.0
-126.0
-67.0
-24.5
-37.0
63.0
-57.0
171.5
-10.0
-50.5
36.5
-36.0
-67.5
-11.5
-29.5
-10.5
-118.0
69.5
-16.5
-126.0
-39.5
-76.0
-136.0
-21.5
-29.5
-66.0
-84.5
-59.5
62.5
-128.5
-67.0
-118.0
-7.5
-113.0
98.5
-21.0
-134.0
-29.0
-41.5
-47.0
-74.5
-45.5
-164.5
-47.0
-118.5
-122.5
-195.0
-24.5
-31.5
-38.5
-125.5
-26.5
-136.0
142.5
234.0
-102.5
-15.0
-26.5
-97.0
-37.5
-168.5
-21.5
-135.5
-168.5
-115.0
-126.5
62.0
-0.5
-13.5
-44.5
-133.0
-96.0
-132.0
0.5
-163.0
-102.5
-47.5
-50.0
-10.0
-60.0
-119.5
-115.0
-119.0
-28.0
-128.0
-0.5
-38.0
-118.0
-4.5
-8.0
8.0
-71.5
-46.0
-14.5
-134.5
-37.5
-64.5
-168.5
-102.0
-31.5
-137.5
-108.5
2.5
158.0
17.5
-23.5
24.5
-164.0
-49.0
72.0
-5.5
-26.5
-124.5
-62.0
-106.5
-65.5
-20.5
-126.5
-124.0
12.5
-69.0
-116.5
-22.5
-11.5
-38.0
41.0
-38.0
-168.0
-133.5
19.0
-136.5
-51.0
-82.5
-168.0
4.5
-135.0
-71.0
-29.0
-122.5
-48.0
-165.0
-41.5
7.5
-107.0
-135.0
150.5
-135.5
-14.0
-48.5
-5.0
-69.0
-129.0
-33.5
67.5
-22.0
27.5
-22.0
-173.5
-44.5
-60.0
-30.5
-58.5
86.5
-44.0
-48.5
-177.5
-84.0
-15.5
48.0
-115.0
-130.5
-63.5
-6.5
-68.5
-128.0
14.5
-139.0
-134.5
4.0
-164.5
-124.5
-126.5
-19.5
91.0
-32.0
-126.0
71.0
61.5
-15.0
32.0
-22.0
-11.5
22.0
-31.5
-17.5
-121.0
-122.0
-171.0
-35.5
-50.5
10.0
-169.5
-8.5
-7.5
-17.0
-137.5
-4.5
-16.0
-16.0
32.5
87.0
-4.0
-103.5
-90.0
-167.5
-10.5
-20.5
-78.5
-44.5
-46.5
150.0
-38.5
-74.5
1.5
-31.0
-37.0
-27.5
-55.5
-41.5
-16.5
-134.5
-117.0
-72.0
-113.5
34.5
-47.0
-48.5
-75.0
-134.0
-121.5
-23.0
42.5
-169.5
-166.0
-37.0
-7.5
-118.0
-30.5
-40.0
-7.5
-20.0
-35.0
-34.0
-124.5
-136.5
-40.5
-64.0
-89.0
-13.5
-164.5
-8.5
-123.0
69.5
26.0
-116.5
-21.0
-80.5
-127.5
103.5
-9.5
-64.0
-122.5
-35.5
0.5
-129.5
-129.5
-168.0
-122.0
-29.0
-100.0
59.5
-57.5
-170.5
-164.5
-9.0
-18.5
-49.5
-113.5
-42.5
-129.0
-12.0
-16.0
-48.5
-98.5
-36.5
0.5
-170.5
-67.0
-120.5
-37.5
20.0
45.5
-16.5
-69.5
-77.5
-39.5
-39.5
-129.0
-62.5
-8.5
-9.0
-110.5
-48.5
72.0
-3.0
-7.0
-3.0
19.0
-107.5
-5.0
-113.0
-29.0
-168.5
-55.0
-20.0
-19.0
-66.0
-105.5
-59.5
-178.0
-163.5
-132.5
-44.5
-89.5
-97.0
-118.5
-194.5
-171.0
-127.0
-187.5
-197.5
-58.5
-54.5
-149.5
-142.5
-105.5
-105.0
-130.5
-160.5
-62.5
-205.0
-147.5
-192.0
-127.0
-169.5
-88.5
-130.5
-193.0
-179.0
-201.0
-142.0
-60.5
-29.5
-186.0
-199.5
-177.0
-150.5
-156.5
-173.0
-193.5
-133.5
-197.0
-124.0
-144.0
-11.0
-166.5
-138.5
-149.5
-129.0
-27.0
-123.5
79.5
-138.0
-57.0
-110.0
-196.5
-108.0
-142.5
-187.5
-211.0
-159.0
-184.0
-191.5
-188.0
-159.0
-129.0
-126.5
-118.0
-184.5
-118.5
-186.5
-181.0
-165.0
-120.5
-158.5
-140.0
-112.5
-187.5
34.0
-84.5
-136.5
-131.0
-113.0
-99.5
-186.5
-112.5
-131.0
-130.5
-60.5
-63.5
-119.0
-142.0
-161.5
-68.0
-92.0
-104.5
-174.0
-192.5
-145.5
-196.0
-117.0
-171.5
-205.5
-89.0
-127.0
-159.5
-135.5
5.5
-33.5
-142.5
-118.5
-154.0
-194.0
-23.5
-69.0
19.5
-117.5
-87.0
-100.0
-133.0
-33.0
-124.5
-87.5
-132.0
-53.0
-117.5
-86.5
-136.0
-168.0
-58.5
-196.0
-153.0
-9.0
-135.0
-155.0
-138.5
-45.0
-49.0
-50.5
-123.5
56.0
-121.5
-170.5
-168.0
-192.0
-112.0
-29.0
-17.0
-35.0
-71.0
-191.5
-112.0
-112.0
-131.5
-133.0
-87.5
-155.5
-162.5
-184.5
-60.0
-130.0
27.5
-82.5
-141.5
-78.5
83.5
-89.5
-127.5
-189.0
-113.0
-136.5
-97.0
-191.5
-129.5
-146.0
-191.0
-188.0
-195.0
-110.5
-58.5
-116.0
-187.0
-127.5
-168.0
-117.0
-132.0
-190.0
-131.5
-28.5
-113.5
-70.5
-119.5
-125.5
-45.0
-119.5
-68.0
-37.0
-67.0
48.5
-190.0
-107.0
-186.5
-80.0
-119.5
-137.5
-130.5
-139.0
-14.5
60.0
-186.0
-24.5
-43.0
-2.0
-57.0
-191.5
-83.5
-48.5
-121.0
-43.5
-139.5
-197.5
-126.0
-163.5
-114.5
-51.5
-178.0
-109.0
-151.0
-76.5
-204.5
-133.0
-85.5
-149.0
-17.5
-79.0
-114.5
-197.5
-44.0
-40.5
-84.0
-127.5
-189.0
-166.5
-172.0
-131.5
-39.0
-196.5
-189.0
-194.0
-172.5
-121.5
-180.0
-88.5
-27.5
-188.0
6.0
-47.0
-118.0
-166.0
-131.0
-122.5
-65.5
-114.0
-132.0
-122.5
-145.0
-91.0
-98.0
-200.5
-179.0
-47.0
-102.0
-120.0
-92.0
-22.0
-137.0
-133.5
-132.5
76.5
-140.0
-136.0
10.5
-163.0
-121.0
-200.5
-67.0
-109.5
-152.0
-196.5
-122.0
-100.5
96.0
4.5
30.0
-42.5
-123.5
-128.5
-149.0
-8.5
-203.0
-32.5
-174.0
-130.5
-66.0
-64.5
162.5
-7.5
-159.5
-63.0
-186.5
-134.0
-140.0
-22.0
-18.5
-69.0
-110.5
-134.5
-56.5
-139.5
-25.5
-42.0
-180.5
-123.0
-122.0
-172.5
-126.0
-132.0
-117.5
7.0
-123.5
-61.0
-138.5
-42.5
8.5
-162.0
-27.0
-168.0
-105.0
-95.0
-168.5
-126.5
-114.5
-196.0
-128.0
-142.0
-145.0
19.5
-54.0
-192.5
-145.5
101.5
-81.5
-147.5
-126.5
51.0
-142.0
-118.5
-18.0
-156.5
-14.0
-160.0
-42.0
162.5
-181.0
-194.0
-193.0
-114.5
-70.5
-154.0
-169.0
-196.5
-14.5
-12.5
-194.5
-70.0
-172.5
-157.5
-41.0
-174.0
-140.0
-71.5
-200.0
-33.0
-84.5
-111.5
-130.0
56.5
-83.0
32.0
23.0
-63.0
14.0
-202.0
16.0
-23.5
-169.0
-33.5
114.5
-110.5
-137.5
-190.0
-135.0
-140.0
-195.5
9.5
-114.0
-141.5
1.0
-187.5
-28.0
58.5
-125.5
-166.0
-16.5
-159.5
-114.5
-194.5
-170.0
-67.5
101.0
-177.0
-133.0
-200.0
-118.5
-133.5
-185.5
-29.0
-109.5
-27.0
-42.5
-146.0
262.5
-19.5
-127.0
12.5
-130.0
-115.5
-139.0
-169.0
-126.0
-78.0
-4.0
-199.5
-21.0
-3.5
-13.5
-199.0
-125.0
-129.5
-192.5
-124.0
-0.5
-91.0
-8.5
-115.0
-62.5
-175.0
73.0
-40.5
-87.5
-139.0
3.5
-6.0
-54.0
-102.0
-8.0
-168.0
-172.0
-181.0
-95.5
-141.5
-19.0
-80.0
-60.0
-16.0
-102.5
-39.0
-195.0
-194.5
-127.5
-9.0
-99.5
-11.5
-139.5
17.5
-130.5
-58.0
-127.0
-110.0
-129.5
-92.5
-36.0
-145.0
47.0
-95.0
83.0
-36.5
-167.5
-135.5
-24.5
-52.0
-58.0
-189.5
-127.5
-31.0
-15.5
-84.5
2.5
210.0
-162.0
-37.5
-129.0
-128.0
-3.0
-26.0
-132.5
-132.0
-20.5
-129.5
-65.5
-13.5
36.0
-54.0
-74.0
2.5
-145.5
-16.5
-133.5
-169.0
-189.5
-151.5
-37.0
-4.5
-164.5
-132.5
-8.5
37.0
-33.0
-21.0
11.5
-126.5
-6.0
-131.0
20.0
-18.0
-143.0
155.0
-127.0
-114.0
-175.5
-164.0
11.0
-162.5
-37.0
-105.0
-132.0
-129.5
-157.5
-170.0
-119.5
-21.0
-41.0
-10.5
-11.0
-22.5
-47.0
-88.0
-9.0
-41.0
-122.0
-130.0
-126.5
-68.5
-125.5
-134.0
-201.5
-69.5
-115.5
64.0
40.5
-146.0
-62.0
-105.0
-156.0
-25.0
-106.5
-36.5
-123.0
-188.5
-17.5
-130.5
-105.5
-49.5
-189.0
-30.0
-8.5
-115.5
-9.5
-51.0
-91.5
-54.5
-130.0
-80.5
-53.5
1.5
-47.5
-124.0
-147.5
-88.0
-28.0
-120.0
3.5
-123.5
113.5
-11.0
-107.5
13.0
-42.0
-139.0
-35.0
-142.0
-165.5
-35.5
-35.5
-126.5
-23.5
-1.5
-80.5
-194.5
-124.5
-33.0
-6.0
-119.5
-87.0
-44.5
48.5
-106.5
32.5
-136.5
-130.0
-122.5
-14.0
-132.5
-98.0
-158.0
-118.0
-86.5
-104.5
-106.5
-98.5
-125.5
-15.5
14.5
38.0
-19.5
-10.5
-4.5
-28.5
-128.5
-55.0
-162.5
-70.5
-11.5
-57.5
50.0
-129.5
-62.5
-112.0
17.5
-138.0
36.5
-0.5
-86.5
-11.5
-104.5
117.0
-175.5
-164.0
23.0
-16.0
-71.0
-15.5
-133.0
-44.5
-11.0
-128.5
-8.5
-124.5
-101.5
-189.0
-121.0
-150.0
15.5
-198.0
-181.5
-133.5
-74.0
-78.5
-110.0
-12.5
-0.5
20.0
-124.5
-59.0
-23.0
-11.0
-117.5
-112.5
-121.5
-122.0
-25.0
-113.0
2.5
-78.0
-116.5
-23.5
-65.0
-29.0
227.5
-204.5
30.0
1.5
109.0
0.0
-110.5
-184.5
-49.0
-50.5
-34.0
-188.5
-125.5
-48.5
-2.5
-63.0
-22.0
-16.0
-128.0
76.5
-144.0
-12.0
-117.5
-61.0
-10.0
-53.0
-115.0
10.0
-128.0
-125.5
-118.5
-101.5
-94.5
-54.0
-13.0
-69.5
12.5
-52.0
-2.5
-113.5
-34.5
-124.5
155.0
3.0
5.5
-121.0
-121.0
-146.5
-53.0
-68.5
-133.0
-114.5
-167.0
-113.0
-39.0
-51.5
-12.0
-43.0
-64.5
-98.5
-9.5
-41.5
-87.5
-124.0
-123.0
67.0
-191.0
-112.5
-7.0
-136.5
-35.0
-196.0
-69.5
-148.5
3.0
27.5
-23.0
-178.5
-93.0
-23.0
-66.0
-171.0
-169.0
-103.5
-21.0
-7.5
-43.0
-103.0
-98.5
-127.5
-106.0
-57.5
-99.5
51.5
2.5
-26.0
-79.0
-23.5
-21.5
-34.5
-106.0
-24.5
-17.0
-65.0
-108.0
77.0
-124.5
-104.5
74.0
-167.0
-42.5
-28.5
-121.0
-19.5
-22.5
-2.0
-143.0
-192.5
-127.0
-34.5
72.0
-124.5
-5.0
-41.0
-127.5
-124.0
97.5
-123.0
-59.5
9.0
-24.0
-31.5
-138.0
3.5
-12.5
-128.0
-127.0
-143.5
-44.5
-48.0
-93.0
-127.0
-147.0
137.5
-28.5
-193.5
-128.5
-189.5
31.0
-64.5
109.5
2.0
-200.0
16.0
-141.5
23.5
83.0
-151.5
-181.0
-116.0
-15.0
-18.0
-10.0
-66.0
-49.0
-15.0
-109.5
34.5
-147.5
-131.5
7.5
-170.5
-129.5
-19.5
-165.5
-200.0
-130.0
-127.5
-131.0
-33.5
-204.0
-187.0
-29.5
-168.0
-121.0
-69.0
-186.0
-146.5
-187.5
-9.5
5.0
-113.5
-127.0
-28.5
-18.5
-29.0
-134.0
-100.0
-116.0
-119.0
-70.0
-110.0
-104.5
-178.5
54.5
-131.5
-128.5
0.0
33.0
-137.5
-7.0
-168.5
-7.5
-120.5
-4.5
-54.0
-56.0
-70.0
-165.0
-19.0
-39.0
-15.5
-29.5
-18.0
42.0
-150.5
-164.5
-7.0
-76.5
-106.5
-24.0
16.5
-182.5
-15.5
-24.5
-51.0
-35.5
-13.5
-14.5
-133.5
-126.0
-60.5
-124.5
-45.0
-67.5
-50.0
-106.5
-55.5
-173.0
-160.5
12.0
-167.0
-112.5
4.0
-137.5
-10.0
113.