28
115
68
214
106
78
128
121
416
226
60
102
75
304
416
266
88
71
62
268
347
121
447
71
331
363
271
367
424
144
64
66
252
375
319
338
379
395
63
342
461
419
139
388
274
99
73
284
42
345
392
417
57
356
338
54
96
318
52
355
158
165
280
184
331
228
361
307
215
73
108
258
302
366
61
107
273
400
360
469
133
267
433
121
275
374
65
99
254
48
287
184
365
376
172
272
300
270
297
293
312
344
245
54
341
75
327
278
113
290
255
74
273
318
48
177
348
73
273
52
100
339
72
60
52
73
86
357
49
279
71
55
317
68
314
84
322
105
57
305
318
305
259
67
429
312
369
316
302
123
316
429
312
293
358
323
81
285
325
318
268
89
256
260
304
301
237
243
220
284
53
390
261
61
254
99
72
252
291
267
47
324
325
287
301
324
307
74
225
256
308
319
380
237
262
309
227
278
48
266
264
52
139
84
256
63
49
292
331
316
327
275
284
236
314
258
348
300
371
63
289
484
241
267
288
410
216
286
223
71
259
304
216
281
300
292
448
274
58
273
219
272
311
251
288
107
72
356
456
274
420
163
255
398
292
419
252
235
209
48
72
61
436
51
413
52
262
317
261
335
238
267
297
270
313
429
454
199
147
461
243
58
266
146
215
240
295
236
265
71
88
218
273
298
244
256
291
228
264
258
314
355
213
239
202
282
263
272
79
84
494
238
50
62
236
273
274
64
282
633
265
259
293
223
268
58
244
243
283
223
295
53
230
258
107
109
230
82
63
260
247
267
51
193
255
104
121
94
45
71
54
41
65
412
68
358
249
199
258
312
276
268
256
284
88
232
209
233
354
312
282
238
239
306
222
264
369
247
239
272
215
218
253
271
222
167
254
199
221
330
347
220
210
209
235
192
259
295
418
296
370
212
168
247
218
181
213
410
505
33
302
228
466
336
237
270
329
344
352
275
298
236
55
52
164
221
223
207
201
234
385
407
212
323
250
232
190
275
302
223
260
228
231
215
212
155
521
269
423
172
494
305
305
157
318
271
302
311
315
270
243
169
175
233
238
228
257
302
258
247
267
231
229
302
232
235
333
236
196
216
220
218
250
239
260
200
223
268
230
198
253
179
196
216
217
235
236
219
287
249
249
578
202
223
317
236
213
283
238
215
269
239
259
187
250
263
249
280
219
246
281
253
378
192
207
280
316
183
227
289
322
263
650
206
315
270
320
184
215
141
194
260
365
278
199
279
293
381
324
248
312
385
338
481
226
251
244
207
242
379
375
192
197
66
359
154
171
250
359
414
335
369
348
249
362
429
440
226
344
232
201
182
313
204
339
213
225
197
183
207
149
181
132
189
171
204
190
333
221
218
179
304
183
224
189
200
195
288
196
382
194
144
142
296
143
170
313
315
310
315
290
214
220
228
232
184
192
210
257
193
234
273
243
249
215
246
251
193
212
189
205
266
197
214
242
277
265
279
251
194
210
232
264
248
218
258
247
396
170
198
264
194
221
265
190
244
230
216
181
291
296
230
638
271
242
190
187
259
146
205
174
237
390
303
398
174
331
295
252
206
231
206
240
232
265
239
199
257
342
177
217
288
199
234
215
131
207
231
172
227
512
300
233
235
239
265
675
218
214
183
147
219
209
198
223
190
203
245
222
244
180
253
214
198
250
222
315
230
154
178
224
215
236
259
577
216
198
208
213
329
205
274
214
176
318
200
182
164
185
293
195
297
205
212
210
499
187
330
174
193
345
214
335
179
198
214
256
339
216
205
237
231
281
346
227
339
201
235
174
170
365
213
198
242
171
248
227
365
192
154
436
233
136
512
449
781
416
226
164
154
179
182
162
244
302
255
256
345
404
69
341
47
68
704
156
316
286
216
329
208
176
204
199
210
320
240
166
205
200
185
208
167
250
214
269
218
137
268
256
333
222
172
252
242
159
198
205
203
228
176
346
502
235
279
401
423
401
156
345
318
309
266
257
168
165
168
482
238
294
255
288
397
255
311
50
214
179
156
84
41
122
234
259
454
296
95
418
228
63
68
607
258
284
284
194
245
228
221
196
188
200
185
172
214
197
157
152
167
661
150
232
357
218
323
156
178
341
190
278
138
179
293
156
168
157
251
243
337
304
364
156
122
210
287
160
228
178
154
294
191
179
149
169
183
164
782
144
226
137
279
208
139
170
214
224
227
484
322
239
180
196
170
283
197
160
209
206
218
192
182
181
179
179
205
191
223
440
179
244
229
216
372
208
201
206
224
202
186
287
666
156
190
397
138
277
488
189
417
192
160
358
221
165
170
359
329
297
187
192
180
189
190
190
197
161
319
314
322
315
221
275
278
220
222
228
258
158
227
248
208
272
197
173
196
194
215
242
225
177
207
151
266
185
340
459
166
197
162
205
239
200
165
209
247
149
195
292
540
156
303
164
191
155
343
230
152
152
170
133
163
201
211
409
300
172
165
178
159
170
272
162
156
200
202
209
202
272
241
251
277
180
180
230
178
197
270
160
225
260
420
189
219
188
429
156
164
153
210
436
222
154
158
158
232
176
313
246
219
158
194
171
232
388
196
236
208
200
189
189
301
318
166
169
200
193
216
228
155
279
197
271
208
230
180
145
236
164
269
172
156
153
164
171
172
184
302
226
163
422
161
128
501
444
360
308
176
176
163
333
204
177
173
171
175
184
188
202
203
200
188
