159
29
428
162
80
27
36
175
40
23
10
21
58
21
161
162
61
88
40
54
216
47
144
156
144
179
228
33
46
23
258
113
212
29
144
52
112
306
195
74
19
115
107
157
224
275
32
35
41
169
97
265
26
17
272
59
165
105
17
51
18
105
114
105
55
326
120
24
21
31
34
23
57
20
35
66
31
68
200
168
35
34
162
42
20
165
141
65
19
34
390
37
79
27
159
42
20
165
208
151
37
24
162
19
100
71
50
165
151
57
24
46
20
201
40
37
55
166
53
146
104
98
182
241
217
238
544
23
37
146
71
114
22
151
28
21
148
171
9
76
189
41
179
86
32
46
213
29
37
19
25
31
43
23
41
29
148
151
35
23
206
21
154
190
57
22
17
41
24
40
48
32
31
43
535
287
36
173
175
65
54
134
215
119
327
353
167
176
728
25
53
26
222
5
164
7
249
156
54
526
656
23
34
174
124
315
162
212
69
149
271
61
334
89
343
125
19
21
104
159
464
48
23
37
63
32
24
195
100
40
19
19
291
174
29
23
27
131
86
237
169
699
92
307
19
242
114
264
360
16
573
82
22
20
142
91
34
594
83
159
53
132
64
151
26
101
133
143
21
60
275
318
1114
62
202
140
186
161
34
18
100
93
231
21
19
76
91
364
20
391
123
155
352
241
88
187
76
4
113
377
570
115
24
37
23
40
17
114
15
250
20
18
70
964
42
24
30
173
53
28
27
50
142
213
409
144
36
42
20
258
527
1032
141
204
208
1301
1764
3379
37
326
662
166
72
146
22
20
33
2860
143
33
207
754
163
96
597
20
33
40
49
20
44
260
89
172
24
54
55
20
105
18
179
29
28
62
19
19
59
234
144
207
222
329
192
38
17
145
251
150
79
117
25
1834
272
1024
181
33
34
56
26
141
152
102
31
35
36
105
88
296
40
20
69
54
17
162
42
68
21
37
25
193
29
49
152
186
72
148
102
52
38
27
25
58
17
23
95
163
96
115
82
85
102
110
836
24
683
4589
118
88
71
69
16
39
169
573
1498
22
110
149
38
31
27
80
528
46
25
20
63
578
178
184
1335
96
151
143
845
1863
259
65
460
790
145
28
36
243
28
52
43
216
31
34
49
90
98
21
67
1007
