65
119
296
360
40
413
83
93
130
192
99
60
430
355
83
69
667
113
86
315
270
404
244
224
80
318
59
361
385
307
364
103
272
77
279
324
321
137
74
83
76
320
114
331
278
352
321
69
327
396
72
460
287
205
326
342
72
129
387
105
135
163
303
303
136
104
89
55
108
89
63
64
366
285
299
74
301
275
302
61
382
336
241
324
551
111
193
85
310
94
43
61
312
141
280
375
308
312
329
46
53
208
295
375
282
254
279
362
294
323
49
129
99
410
87
167
291
97
102
76
54
63
266
264
282
303
339
337
336
306
310
264
96
113
266
285
194
278
299
267
287
278
66
57
63
53
62
47
250
88
156
60
61
132
67
68
54
205
112
311
355
85
73
279
235
271
230
48
63
251
68
60
100
273
400
410
351
304
260
297
274
313
257
206
303
219
255
246
309
320
243
271
335
288
318
387
274
241
250
245
160
261
216
299
281
257
261
240
214
258
210
167
228
206
156
249
246
238
254
211
278
253
65
106
56
119
248
291
72
260
347
259
261
274
275
258
184
228
141
184
108
243
314
346
611
182
261
222
285
470
70
215
228
230
226
347
344
281
263
321
349
243
265
246
255
173
232
191
201
214
178
128
161
166
296
255
307
261
94
273
298
238
334
291
200
318
318
285
134
221
364
364
326
250
293
267
221
146
261
194
271
138
247
151
144
129
92
120
88
88
83
97
81
229
202
206
192
166
190
215
108
164
210
233
157
56
53
56
54
68
68
87
208
233
364
299
208
280
224
192
271
137
135
171
285
396
274
226
222
205
162
222
209
210
201
216
193
198
212
221
203
178
189
197
124
150
114
131
188
253
263
208
210
217
70
229
185
228
190
212
788
89
129
238
287
328
319
215
230
200
88
187
121
184
164
210
176
122
184
115
98
80
81
108
107
88
90
96
313
164
223
314
226
232
321
187
157
167
555
199
509
76
94
55
154
175
393
178
246
301
281
207
220
182
203
180
180
224
219
222
170
169
90
54
102
117
71
75
88
83
147
1096
474
177
271
49
80
94
311
257
211
194
216
296
183
326
269
224
197
218
225
461
55
69
80
221
62
64
103
71
73
196
329
275
208
315
194
342
323
319
166
229
84
103
113
73
72
72
64
74
72
58
91
96
94
87
62
96
99
369
121
112
147
223
97
106
155
79
100
110
204
348
289
190
190
218
324
235
223
331
313
185
234
222
196
200
232
230
189
252
238
220
225
225
176
170
195
191
218
256
272
178
205
189
187
208
221
192
203
197
176
184
163
231
245
241
163
198
169
211
259
170
173
214
165
163
223
237
175
191
297
195
199
240
195
232
331
241
137
316
269
265
264
630
172
216
245
207
204
228
209
231
190
225
255
184
208
615
200
280
178
184
159
128
341
146
154
164
162
156
207
170
201
95
265
171
125
222
152
124
139
205
170
226
185
215
311
191
365
211
193
301
219
288
254
207
183
200
180
258
245
232
236
216
210
191
182
179
229
189
160
184
167
210
205
463
209
178
181
164
159
299
183
195
182
191
173
216
192
113
157
151
164
129
152
342
204
198
104
216
357
229
195
170
159
208
242
172
175
290
184
235
211
214
200
212
232
218
194
207
421
199
219
245
181
204
201
202
534
161
182
182
134
625
93
226
256
354
530
460
524
480
302
151
39
75
160
37
82
144
128
194
270
35
42
43
44
41
65
138
412
222
250
441
190
205
42
52
46
178
192
206
47
53
40
39
45
56
49
52
181
342
350
424
265
285
382
527
210
450
452
533
525
435
343
281
92
77
166
247
59
168
288
214
209
51
47
65
44
43
62
232
66
81
76
75
101
78
80
72
82
73
62
100
59
463
222
155
105
114
168
1013
181
39
43
38
32
78
154
148
483
368
382
171
190
517
484
389
498
73
67
117
73
48
170
186
179
397
429
427
407
197
190
181
418
451
479
401
381
296
241
183
162
150
152
159
216
161
167
156
162
221
113
184
379
303
175
174
159
186
172
166
153
154
158
159
187
179
189
264
223
569
158
168
212
321
208
216
166
166
181
506
165
214
231
164
177
188
241
219
101
174
166
175
352
225
223
199
239
182
187
209
180
210
171
492
160
174
166
191
267
145
274
300
250
166
170
162
153
216
171
244
177
182
214
188
163
178
207
178
169
153
152
165
157
188
204
220
161
182
153
184
234
241
178
157
195
176
162
182
160
194
190
135
197
180
155
241
182
214
163
164
163
154
219
169
217
156
544
261
170
283
187
212
198
429
235
137
154
152
154
164
196
147
156
159
165
164
164
177
170
164
168
160
163
178
182
164
239
200
165
171
176
234
285
188
173
215
172
162
164
187
423
208
205
144
321
192
224
156
119
154
266
160
252
165
255
160
81
213
190
210
226
178
765
231
176
213
136
169
171
174
199
266
190
216
206
195
173
163
216
232
241
192
240
253
158
269
268
284
179
160
175
188
211
223
201
197
190
229
253
184
231
172
224
233
231
168
234
277
240
243
234
405
170
169
154
142
175
132
