-250.0
-250.0
-245.0
-240.0
-245.0
-250.0
-250.0
-245.0
-260.0
-255.0
-265.0
-240.0
-245.0
-265.0
-245.0
-240.0
-265.0
-245.0
-250.0
-245.0
-245.0
-245.0
-245.0
-255.0
-255.0
-250.0
-245.0
-275.0
-245.0
-310.0
-305.0
-245.0
-245.0
-240.0
-265.0
-260.0
-245.0
-245.0
-245.0
-285.0
-240.0
-245.0
-245.0
-240.0
-240.0
-375.0
-245.0
-245.0
-250.0
-245.0
-345.0
-270.0
-255.0
-245.0
-240.0
-240.0
-245.0
-240.0
-240.0
-240.0
-255.0
-240.0
-245.0
-270.0
-245.0
-250.0
-240.0
-295.0
-240.0
-245.0
-235.0
-240.0
-255.0
-245.0
-210.0
-205.0
-260.0
-245.0
-240.0
-240.0
-245.0
-255.0
-240.0
-245.0
-250.0
-230.0
-255.0
-205.0
-200.0
-200.0
-440.0
-260.0
-215.0
-205.0
-200.0
-240.0
-245.0
-240.0
-255.0
-300.0
-215.0
-265.0
-200.0
-265.0
-250.0
-235.0
-275.0
-255.0
-255.0
-240.0
-250.0
-235.0
-250.0
-245.0
-255.0
-260.0
-250.0
-245.0
-250.0
-265.0
-270.0
-250.0
-245.0
-280.0
-260.0
-255.0
-205.0
-255.0
-245.0
-265.0
-260.0
-255.0
-250.0
-230.0
-255.0
-260.0
-200.0
-255.0
-255.0
-235.0
-260.0
-245.0
-205.0
-235.0
-250.0
-255.0
-200.0
-240.0
-250.0
-250.0
-250.0
-260.0
-250.0
-250.0
-255.0
-230.0
-245.0
-215.0
-200.0
-245.0
-240.0
-285.0
-215.0
-290.0
-200.0
-255.0
-240.0
-300.0
-255.0
-240.0
-250.0
-200.0
-240.0
-205.0
-255.0
-260.0
-240.0
-245.0
-260.0
-295.0
-245.0
-250.0
-250.0
-220.0
-240.0
-210.0
-250.0
-245.0
-260.0
-200.0
-215.0
-260.0
-230.0
-245.0
-260.0
-245.0
-240.0
-235.0
-240.0
-200.0
-260.0
-310.0
-240.0
-345.0
-265.0
-205.0
-200.0
-260.0
-260.0
-280.0
-245.0
-240.0
-270.0
-245.0
-200.0
-255.0
-240.0
-265.0
-235.0
-245.0
-250.0
-230.0
-260.0
-205.0
-250.0
-245.0
-240.0
-240.0
-260.0
-270.0
-255.0
-210.0
-220.0
-260.0
-245.0
-265.0
-200.0
-210.0
-205.0
-200.0
-235.0
-235.0
-250.0
-215.0
-270.0
-260.0
-200.0
-305.0
-240.0
-250.0
-255.0
-240.0
-295.0
-235.0
-245.0
-240.0
-245.0
-200.0
-255.0
-235.0
-235.0
-270.0
-250.0
-210.0
-255.0
-235.0
-240.0
-250.0
-210.0
-200.0
-275.0
-245.0
-240.0
-240.0
-240.0
-260.0
-260.0
-260.0
-250.0
-260.0
-215.0
-310.0
-235.0
-245.0
-250.0
-255.0
-270.0
-265.0
-245.0
-250.0
-260.0
-245.0
-200.0
-265.0
-235.0
-250.0
-245.0
-255.0
-255.0
-200.0
-245.0
-245.0
-255.0
-255.0
-235.0
-250.0
-235.0
-255.0
-245.0
-245.0
-260.0
-235.0
-200.0
-255.0
-250.0
-270.0
-320.0
-260.0
-245.0
-255.0
-205.0
-245.0
-240.0
-240.0
-255.0
-205.0
-280.0
-250.0
-245.0
-240.0
-210.0
-245.0
-245.0
-205.0
-245.0
-240.0
-255.0
-245.0
-260.0
-210.0
-245.0
-205.0
-200.0
-240.0
-260.0
-240.0
-250.0
-505.0
-245.0
-240.0
-250.0
-260.0
-265.0
-240.0
-245.0
-240.0
-230.0
-205.0
-200.0
-245.0
-200.0
-200.0
-210.0
-240.0
-200.0
-215.0
-205.0
-200.0
-250.0
-240.0
-255.0
-240.0
-235.0
-240.0
-250.0
-250.0
-260.0
-240.0
-245.0
-240.0
-210.0
-235.0
-275.0
-235.0
-240.0
-255.0
-215.0
-240.0
-250.0
-250.0
-200.0
-260.0
-250.0
-235.0
-265.0
-260.0
-200.0
-250.0
-265.0
-205.0
-330.0
-265.0
-250.0
-205.0
-250.0
-250.0
-280.0
-210.0
-240.0
-280.0
-270.0
-250.0
-235.0
-260.0
-310.0
-210.0
-240.0
-240.0
-275.0
-240.0
-240.0
-245.0
-240.0
-255.0
-245.0
-200.0
-240.0
-260.0
-200.0
-330.0
-245.0
-240.0
-300.0
-200.0
-205.0
-200.0
-245.0
-265.0
-205.0
-250.0
-250.0
-250.0
-265.0
-255.0
-235.0
-200.0
-210.0
-255.0
-280.0
-235.0
-260.0
-260.0
-260.0
-215.0
-200.0
-220.0
-245.0
-255.0
-265.0
-260.0
-235.0
-270.0
-255.0
-280.0
-345.0
-245.0
-265.0
-260.0
-245.0
-235.0
-260.0
-220.0
-255.0
-275.0
-260.0
-270.0
-235.0
-245.0
-245.0
-355.0
-215.0
-240.0
-250.0
-235.0
-240.0
-240.0
-240.0
-270.0
-245.0
-345.0
-250.0
-250.0
-260.0
-250.0
-205.0
-240.0
-310.0
-250.0
-250.0
-355.0
-260.0
-240.0
-250.0
-200.0
-240.0
-215.0
-260.0
-265.0
-265.0
-255.0
-260.0
-260.0
-240.0
-245.0
-255.0
-210.0
-200.0
-205.0
-240.0
-255.0
-335.0
-250.0
-255.0
-250.0
-260.0
-240.0
-240.0
-345.0
-245.0
-360.0
-245.0
-250.0
-240.0
-260.0
-340.0
-260.0
-275.0
-260.0
-200.0
-290.0
-245.0
-210.0
-245.0
-235.0
-265.0
-245.0
-255.0
-200.0
-260.0
-260.0
-245.0
-300.0
-280.0
-250.0
-265.0
-240.0
-245.0
-255.0
-250.0
-245.0
-250.0
-240.0
-240.0
-235.0
-250.0
-245.0
-250.0
-255.0
-245.0
-255.0
-240.0
-265.0
-245.0
-210.0
-210.0
-235.0
-250.0
-200.0
-250.0
-245.0
-210.0
-240.0
-200.0
-200.0
-255.0
-255.0
-260.0
-270.0
-230.0
-235.0
-205.0
-220.0
-245.0
-250.0
-235.0
-205.0
-235.0
-230.0
-250.0
-240.0
-245.0
-260.0
-255.0
-245.0
-245.0
-240.0
-245.0
-205.0
-205.0
-230.0
-255.0
-285.0
-255.0
-255.0
-270.0
-240.0
-240.0
-235.0
-205.0
-255.0
-270.0
-275.0
-295.0
-200.0
-250.0
-235.0
-245.0
-250.0
-230.0
-255.0
-245.0
-200.0
-200.0
-200.0
-260.0
-265.0
-250.0
-255.0
-205.0
-250.0
-330.0
-255.0
-255.0
-230.0
-245.0
-245.0
-210.0
-245.0
-205.0
-245.0
-235.0
-270.0
-255.0
-235.0
-250.0
-250.0
-335.0
-255.0
-240.0
-230.0
-260.0
-205.0
-245.0
-215.0
-260.0
-205.0
-240.0
-255.0
-255.0
-220.0
-255.0
-250.0
-235.0
-245.0
-210.0
-245.0
-240.0
-250.0
-205.0
-245.0
-240.0
-240.0
-255.0
-250.0
-260.0
-235.0
-235.0
-260.0
-245.0
-255.0
-245.0
-245.0
-210.0
-270.0
-200.0
-250.0
-215.0
-240.0
-220.0
-245.0
-215.0
-265.0
-220.0
-255.0
-250.0
-240.0
-270.0
-255.0
-205.0
-255.0
-200.0
-245.0
-315.0
-255.0
-240.0
-240.0
-250.0
-245.0
-255.0
-250.0
-240.0
-240.0
-235.0
-205.0
-240.0
-250.0
-220.0
-250.0
-240.0
-240.0
-240.0
-240.0
-235.0
-240.0
-250.0
-235.0
-240.0
-245.0
-270.0
-245.0
-205.0
-285.0
-245.0
-245.0
-250.0
-255.0
-250.0
-245.0
-250.0
-265.0
-275.0
-205.0
-280.0
-225.0
-275.0
-210.0
-235.0
-240.0
-200.0
-250.0
-265.0
-265.0
-240.0
-210.0
-265.0
-350.0
-240.0
-245.0
-270.0
-260.0
-200.0
-255.0
-200.0
-205.0
-235.0
-220.0
-290.0
-205.0
-250.0
-260.0
-250.0
-240.0
-260.0
-200.0
-235.0
-230.0
-240.0
-250.0
-235.0
-250.0
-240.0
-245.0
-245.0
-250.0
-245.0
-260.0
-315.0
-215.0
-245.0
-200.0
-245.0
-235.0
-245.0
-230.0
-240.0
-375.0
-280.0
-245.0
-265.0
-245.0
-280.0
-200.0
-245.0
-250.0
-235.0
-210.0
-200.0
-255.0
-250.0
-310.0
-265.0
-350.0
-235.0
-255.0
-255.0
-240.0
-245.0
-290.0
-205.0
-275.0
-245.0
-245.0
-245.0
-235.0
-325.0
-205.0
-210.0
-245.0
-245.0
-240.0
-240.0
-270.0
-250.0
-205.0
-375.0
-260.0
-200.0
-320.0
-200.0
-265.0
-230.0
-240.0
-255.0
-210.0
-270.0
-200.0
-245.0
-200.0
-205.0
-245.0
-205.0
-245.0
-240.0
-365.0
-240.0
-240.0
-200.0
-235.0
-240.0
-225.0
-250.0
-245.0
-240.0
-290.0
-215.0
-250.0
-200.0
-200.0
-265.0
-210.0
-205.0
-210.0
-250.0
-340.0
-245.0
-250.0
-200.0
-265.0
-265.0
-265.0
-255.0
-295.0
-235.0
-250.0
-250.0
-240.0
-210.0
-350.0
-200.0
-250.0
-240.0
-240.0
-215.0
-245.0
-255.0
-255.0
-275.0
-240.0
-285.0
-235.0
-250.0
-260.0
-255.0
-245.0
-240.0
-245.0
-255.0
-245.0
-265.0
-245.0
-205.0
-245.0
-240.0
-250.0
-265.0
-255.0
-300.0
-260.0
-220.0
-240.0
-250.0
-285.0
-205.0
-250.0
-250.0
-250.0
-215.0
-205.0
-200.0
-235.0
-255.0
-255.0
-210.0
-250.0
-240.0
-275.0
-290.0
-280.0
-250.0
-205.0
-230.0
-250.0
-205.0
-240.0
-250.0
-215.0
-250.0
-240.0
-250.0
-260.0
-210.0
-255.0
-240.0
-200.0
-220.0
-245.0
-270.0
-255.0
-200.0
-205.0
-260.0
-235.0
-205.0
-260.0
-260.0
-265.0
-240.0
-240.0
-245.0
-250.0
-215.0
-240.0
-235.0
-235.0
-255.0
-245.0
-245.0
-200.0
-250.0
-270.0
-245.0
-255.0
-240.0
-320.0
-255.0
-245.0
-255.0
-240.0
-235.0
-240.0
-235.0
-245.0
-200.0
-250.0
-245.0
-240.0
-250.0
-250.0
-245.0
-245.0
-230.0
-265.0
-250.0
-255.0
-285.0
-260.0
-255.0
-250.0
-255.0
-265.0
-255.0
-230.0
-200.0
-255.0
-200.0
-235.0
-240.0
-245.0
-255.0
-330.0
-230.0
-200.0
-205.0
-270.0
-255.0
-255.0
-245.0
-240.0
-240.0
-200.0
-205.0
-240.0
-250.0
-255.0
-245.0
-240.0
-245.0
-240.0
-240.0
-235.0
-200.0
-205.0
-230.0
-215.0
-205.0
-210.0
-250.0
-205.0
-240.0
-200.0
-255.0
-245.0
-240.0
-200.0
-260.0
-245.0
-250.0
-245.0
-245.0
-255.0
-240.0
-200.0
-245.0
-230.0
-235.0
-245.0
-205.0
-245.0
-245.0
-200.0
-255.0
-245.0
-240.0
-250.0
-240.0
-260.0
-240.0
-345.0
-240.0
-255.0
-240.0
-230.0
-205.0
-260.0
-250.0
-250.0
-250.0
-255.0
-315.0
-250.0
-240.0
-245.0
-305.0
-240.0
-250.0
-245.0
-300.0
-240.0
-285.0
-245.0
-245.0
-240.0
-245.0
-250.0
-270.0
-260.0
-250.0
-245.0
-245.0
-265.0
-245.0
-240.0
-250.0
-250.0
-270.0
-250.0
-245.0
-255.0
-240.0
-335.0
-250.0
-245.0
-245.0
-245.0
-240.0
-250.0
-240.0
-270.0
-245.0
-255.0
-265.0
-255.0
-345.0
-245.0
-265.0
-245.0
-240.0
-250.0
-265.0
-245.0
-245.0
-260.0
-245.0
-245.0
-250.0
-245.0
-250.0
-265.0
-245.0
-240.0
-245.0
-245.0
-245.0
-245.0
-245.0
-245.0
-245.0
-245.0
-265.0
-245.0
-295.0
-245.0
-245.0
-500.0
-245.0
-315.0
-280.0
-255.0
-245.0
-260.0
-245.0
-240.0
-245.0
-245.0
-245.0
-245.0
-260.0
-245.0
-345.0
-240.0
-245.0
-245.0
-250.0
-355.0
-260.0
-245.0
-245.0
-240.0
-250.0
-245.0
-250.0
-245.0
-245.0
-250.0
-240.0
-330.0
-240.0
-200.0
-200.0
-240.0
-245.0
-270.0
-210.0
-365.0
-240.0
-255.0
-265.0
-240.0
-240.0
-245.0
-260.0
-200.0
-200.0
-265.0
-205.0
-260.0
-250.0
-260.0
-290.0
-240.0
-260.0
-250.0
-295.0
-240.0
-200.0
-240.0
-245.0
-205.0
-240.0
-280.0
-235.0
-255.0
-280.0
-205.0
-260.0
-230.0
-200.0
-250.0
-255.0
-255.0
-245.0
-200.0
-260.0
-250.0
-255.0
-240.0
-245.0
-260.0
-235.0
-240.0
-200.0
-270.0
-225.0
-210.0
-235.0
-205.0
-265.0
-205.0
-235.0
-250.0
-240.0
-285.0
-255.0
-245.0
-270.0
-240.0
-240.0
-275.0
-200.0
-250.0
-245.0
-255.0
-215.0
-230.0
-235.0
-255.0
-295.0
-215.0
-245.0
-210.0
-255.0
-250.0
-250.0
-245.0
-245.0
-250.0
-250.0
-250.0
-240.0
-200.0
-210.0
-240.0
-255.0
-240.0
-235.0
-210.0
-245.0
-245.0
-245.0
-245.0
-235.0
-245.0
-305.0
-250.0
-270.0
-200.0
-240.0
-270.0
-255.0
-265.0
-260.0
-235.0
-245.0
-200.0
-250.0
-230.0
-200.0
-245.0
-250.0
-240.0
-245.0
-230.0
-240.0
-240.0
-240.0
-235.0
-235.0
-245.0
-235.0
-205.0
-255.0
-245.0
-255.0
-240.0
-260.0
-245.0
-240.0
-240.0
-240.0
-265.0
-255.0
-200.0
-240.0
-245.0
-200.0
-250.0
-240.0
-285.0
-310.0
-245.0
-290.0
-215.0
-345.0
-205.0
-250.0
-240.0
-245.0
-250.0
-315.0
-240.0
-200.0
-270.0
-240.0
-200.0
-250.0
-285.0
-265.0
-235.0
-245.0
-230.0
-235.0
-200.0
-370.0
-245.0
-200.0
-245.0
-270.0
-265.0
-245.0
-240.0
-245.0
-275.0
-215.0
-240.0
-230.0
-245.0
-295.0
-270.0
-255.0
-325.0
-280.0
-260.0
-235.0
-235.0
-270.0
-260.0
-200.0
-245.0
-200.0
-250.0
-245.0
-240.0
-230.0
-235.0
-255.0
-260.0
-240.0
-290.0
-255.0
-200.0
-240.0
-240.0
-250.0
-250.0
-255.0
-280.0
-210.0
-255.0
-245.0
-245.0
-205.0
-235.0
-260.0
-200.0
-200.0
-215.0
-205.0
-255.0
-205.0
-210.0
-275.0
-255.0
-215.0
-245.0
-250.0
-200.0
-315.0
-300.0
-200.0
-240.0
-265.0
-385.0
-265.0
-245.0
-240.0
-345.0
-320.0
-240.0
-240.0
-210.0
-245.0
-245.0
-270.0
-260.0
-265.0
-215.0
-205.0
-240.0
-205.0
-275.0
-240.0
-245.0
-255.0
-240.0
-345.0
-200.0
-260.0
-205.0
-235.0
-210.0
-280.0
-235.0
-245.0
-245.0
-275.0
-210.0
-235.0
-245.0
-215.0
-205.0
-270.0
-260.0
-255.0
-255.0
-280.0
-245.0
-275.0
-200.0
-265.0
-265.0
-245.0
-255.0
-295.0
-270.0
-250.0
-240.0
-255.0
-235.0
-270.0
-250.0
-245.0
-240.0
-200.0
-200.0
-215.0
-200.0
-240.0
-240.0
-240.0
-235.0
-220.0
-235.0
-245.0
-240.0
-205.0
-245.0
-210.0
-450.0
-340.0
-245.0
-235.0
-260.0
-245.0
-620.0
-210.0
-235.0
-245.0
-205.0
-230.0
-245.0
-260.0
-250.0
-235.0
-240.0
-270.0
-250.0
-200.0
-250.0
-255.0
-200.0
-200.0
-205.0
-310.0
-215.0
-240.0
-255.0
-240.0
-260.0
-255.0
-235.0
-210.0
-255.0
-260.0
-235.0
-250.0
-240.0
-250.0
-240.0
-215.0
-300.0
-245.0
-205.0
-245.0
-245.0
-255.0
-245.0
-265.0
-280.0
-210.0
-235.0
-285.0
-285.0
-250.0
-240.0
-205.0
-260.0
-260.0
-245.0
-250.0
-255.0
-235.0
-240.0
-245.0
-250.0
-225.0
-255.0
-245.0
-245.0
-320.0
-210.0
-245.0
-240.0
-255.0
-245.0
-255.0
-250.0
-265.0
-250.0
-270.0
-245.0
-260.0
-200.0
-255.0
-235.0
-230.0
-280.0
-240.0
-205.0
-240.0
-240.0
-250.0
-250.0
-240.0
-270.0
-245.0
-270.0
-200.0
-200.0
-255.0
-250.0
-250.0
-260.0
-255.0
-240.0
-200.0
-215.0
-240.0
-270.0
-490.0
-200.0
-215.0
-380.0
-240.0
-305.0
-240.0
-240.0
-255.0
-265.0
-420.0
-205.0
-245.0
-250.0
-245.0
-245.0
-265.0
-240.0
-260.0
-245.0
-250.0
-220.0
-200.0
-245.0
-200.0
-250.0
-245.0
-200.0
-300.0
-230.0
-320.0
-255.0
-260.0
-210.0
-250.0
-245.0
-255.0
-250.0
-255.0
-250.0
-210.0
-250.0
-255.0
-250.0
-205.0
-200.0
-245.0
-200.0
-245.0
-240.0
-215.0
-260.0
-485.0
-235.0
-250.0
-205.0
-250.0
-250.0
-240.0
-255.0
-245.0
-210.0
-200.0
-250.0
-250.0
-245.0
-260.0
-250.0
-245.0
-250.0
-290.0
-240.0
-245.0
-235.0
-250.0
-200.0
-240.0
-235.0
-230.0
-200.0
-240.0
-235.0
-230.0
-250.0
-245.0
-210.0
-350.0
-265.0
-275.0
-240.0
-245.0
-235.0
-255.0
-215.0
-255.0
-260.0
-260.0
-235.0
-200.0
-340.0
-235.0
-200.0
-250.0
-230.0
-270.0
-265.0
-235.0
-230.0
-220.0
-220.0
-210.0
-225.0
-240
-245
-245
-250
-245
-245
-240
-245
-265
-240
-260
-280
-305
-250
-420
-245
-265
-240
-240
-270
-245
-240
-250
-270
-260
-245
-275
-255
-260
-245
-245
-260
-245
-250
-255
-260
-245
-270
-260
-250
-245
-415
-240
-250
-250
-270
-245
-250
-250
-245
-245
-240
-245
-255
-250
-245
-245
-245
-245
-260
-255
-240
-250
-340
-260
-255
-235
-210
-275
-240
-220
-220
-205
-265
-245
-210
-250
-245
-250
-235
-200
-240
-210
-240
-240
-200
-265
-260
-585
-245
-250
-235
-250
-245
-230
-245
-260
-240
-240
-340
-255
-200
-205
-230
-200
-265
-245
-245
-250
-245
-205
-290
-245
-245
-255
-200
-245
-250
-265
-240
-260
-295
-275
-240
-245
-240
-230
-250
-245
-245
-240
-245
-215
-245
-205
-270
-255
-320
-245
-250
-200
-245
-260
-245
-235
-250
-255
-240
-245
-260
-200
-265
-240
-275
-245
-275
-250
-205
-265
-210
-245
-200
-255
-260
-255
-245
-240
-205
-245
-240
-230
-240
-255
-305
-260
-250
-240
-250
-240
-350
-250
-205
-250
-240
-280
-250
-245
-235
-245
-210
-240
-240
-265
-205
-275
-295
-245
-245
-275
-390
-210
-255
-240
-240
-245
-250
-240
-205
-240
-205
-235
-455
-245
-250
-235
-260
-275
-270
-205
-315
-225
-255
-200
-230
-240
-245
-245
-200
-245
-250
-255
-280
-245
-240
-205
-300
-210
-615
-200
-260
-430
-255
-250
-265
-250
-245
-215
-240
-250
-240
-260
-245
-255
-250
-215
-210
-200
-245
-205
-275
-250
-245
-240
-260
-225
-235
-205
-245
-200
-275
-245
-240
-245
-260
-210
-350
-255
-200
-250
-210
-260
-270
-200
-260
-250
-225
-265
-240
-415
-250
-260
-255
-240
-240
-265
-240
-265
-250
-250
-285
-225
-255
-245
-245
-265
-245
-255
-260
-260
-205
-265
-230
-210
-250
-210
-250
-235
-260
-255
-1010
-265
-200
-240
-260
-245
-255
-295
-260
-255
-235
-200
-240
-480
-275
-250
-260
-210
-250
-255
-385
-480
-250
-535
-250
-210
-240
-265
-320
-255
-240
-255
-250
-260
-245
-200
-320
-245
-240
-240
-240
-260
-250
-205
-200
-300
-205
-275
-205
-250
-200
-245
-260
-205
-250
-255
-320
-205
-250
-245
-245
-240
-205
-260
-250
-250
-245
-240
-260
-350
-255
-245
-260
-265
-210
-250
-220
-270
-240
-245
-205
-250
-210
-240
-200
-255
-270
-255
-280
-255
-645
-235
-245
-235
-250
-210
-210
-240
-445
-305
-210
-250
-255
-265
-215
-205
-330
-330
-260
-245
-205
-245
-245
-235
-235
-200
-210
-245
-260
-245
-260
-250
-240
-245
-255
-245
-270
-340
-245
-240
-250
-250
-245
-230
-425
-245
-250
-205
-275
-260
-205
-210
-250
-280
-235
-255
-200
-270
-240
-245
-250
-250
-270
-270
-320
-200
-245
-255
-255
-275
-260
-235
-200
-255
-255
-240
-235
-245
-390
-255
-245
-255
-245
-270
-240
-210
-265
-210
-245
-250
-260
-235
-240
-245
-200
-205
-215
-260
-250
-260
-250
-205
-210
-395
-235
-200
-240
-200
-200
-200
-210
-245
-250
-220
-305
-280
-260
-250
-280
-255
-235
-235
-270
-260
-240
-235
-245
-200
-235
-240
-250
-225
-245
-240
-250
-270
-200
-275
-240
-260
-425
-365
-270
-265
-230
-245
-260
-240
-250
-245
-245
-250
-255
-250
-250
-240
-250
-255
-720
-425
-200
-315
-240
-250
-245
-210
-250
-240
-245
-205
-260
-210
-240
-230
-205
-205
-465
-230
-205
-205
-200
-250
-205
-260
-230
-265
-205
-210
-250
-240
-210
-360
-210
-275
-240
-245
-205
-250
-260
-210
-240
-245
-245
-250
-250
-240
-255
-260
-250
-250
-375
-200
-255
-240
-295
-270
-240
-290
-210
-245
-240
-245
-240
-240
-245
-250
-240
-220
-200
-250
-245
-355
-230
-245
-385
-240
-245
-200
-305
-240
-240
