61
150
44
75
71
50
51
74
77
74
81
70
50
60
77
51
76
70
77
70
72
70
72
76
67
53
74
54
54
73
81
83
67
97
47
51
73
42
98
131
59
51
58
70
58
115
70
70
75
70
78
79
157
42
74
69
70
71
75
73
73
70
51
86
71
91
70
92
49
74
71
79
71
87
34
11
81
74
75
72
92
79
49
72
74
55
73
36
3
19
164
75
46
27
35
76
75
75
72
149
59
66
64
65
74
47
119
74
74
75
81
45
69
55
133
71
97
65
74
91
53
76
75
85
74
72
52
73
75
132
70
80
73
51
77
79
20
80
135
51
88
72
16
72
69
73
34
73
66
75
60
73
74
73
71
71
84
57
27
76
71
79
62
177
13
77
86
79
139
71
51
34
57
33
76
75
71
71
76
100
71
75
67
56
72
62
69
72
79
4
67
80
47
75
60
74
143
71
76
1
140
89
65
116
98
6
7
80
147
152
74
69
125
71
18
72
77
146
48
73
88
70
75
26
73
73
84
71
73
77
79
46
79
96
71
55
26
43
35
19
77
47
78
66
80
79
2
177
72
94
71
90
71
60
74
71
69
0
74
49
71
251
75
62
48
71
71
88
57
43
85
82
71
69
43
70
76
73
67
87
50
139
44
71
83
73
55
70
52
53
73
73
62
106
73
53
74
74
73
0
71
76
75
136
71
71
46
87
64
58
79
70
35
64
75
88
186
71
68
102
6
82
73
71
75
46
77
71
54
57
32
72
75
46
72
73
70
66
91
70
70
24
11
61
84
70
74
150
75
64
75
60
132
69
76
78
74
55
3
72
6
99
51
53
9
63
11
11
129
71
74
75
91
71
101
75
77
72
64
70
45
72
88
70
71
79
82
76
73
65
6
72
79
72
54
99
26
73
62
30
96
53
78
41
60
71
83
14
45
108
93
49
49
59
151
18
74
74
146
61
74
71
74
63
53
4
41
72
0
75
62
66
70
26
47
3
74
78
33
76
73
73
67
76
75
21
27
76
60
74
71
72
74
22
31
39
72
77
71
101
71
148
74
107
136
74
80
158
71
71
61
52
134
51
70
78
71
71
73
133
42
72
61
86
71
58
49
73
76
107
72
50
149
61
57
74
133
71
77
81
159
75
75
2
71
35
62
57
68
75
63
66
71
71
71
66
7
63
72
84
69
72
83
72
78
75
72
99
80
81
51
60
72
46
144
86
74
80
21
83
72
30
72
52
80
137
51
2
77
66
71
125
81
63
75
76
70
64
75
71
46
72
75
74
79
71
72
71
70
79
43
97
73
62
39
68
74
11
74
45
58
82
8
47
76
75
81
77
43
71
34
67
72
78
70
16
72
69
73
71
95
79
73
55
63
55
77
22
11
72
71
84
69
72
77
70
74
71
38
85
55
154
191
2
142
69
81
70
51
74
95
22
19
7
73
55
74
76
17
80
96
78
74
50
62
74
42
72
26
76
68
83
82
69
70
86
141
81
72
70
43
46
70
60
69
37
45
71
47
65
82
77
71
61
52
77
72
69
22
77
76
105
73
73
76
40
60
76
73
81
71
77
48
76
10
46
52
72
46
46
32
77
69
76
73
81
171
59
118
56
18
72
125
74
58
71
75
55
79
75
52
70
61
20
118
71
96
72
45
67
78
74
78
76
69
73
71
72
76
57
26
118
79
65
72
70
75
73
85
57
81
22
104
82
77
89
73
42
6
74
147
141
75
58
97
216
39
85
96
94
6
72
2
19
54
100
140
26
72
149
73
72
148
4
76
76
72
50
72
71
71
71
72
72
55
95
73
16
70
44
48
72
75
85
73
182
155
56
78
75
229
36
73
74
49
20
15
74
98
83
82
136
70
71
71
71
76
78
38
64
75
79
72
74
114
47
23
61
74
80
70
85
75
36
149
74
10
114
12
62
76
76
83
38
158
32
74
32
7
74
44
104
71
79
75
75
58
72
52
69
85
48
54
96
112
72
30
3
50
44
43
35
84
134
150
69
70
76
59
171
75
75
71
107
75
51
42
162
36
53
50
75
42
56
73
73
79
72
80
61
72
74
75
71
74
56
67
143
69
57
34
80
72
74
53
62
99
82
38
72
75
96
65
76
71
88
53
11
11
72
73
74
65
48
44
76
77
83
81
60
44
149
48
45
75
21
62
42
62
73
128
74
73
10
51
73
79
78
14
51
88
71
46
72
57
74
70
71
71
79
62
60
51
56
91
94
73
32
58
75
57
57
54
145
73
70
55
72
50
67
84
59
13
76
75
73
79
74
58
51
43
112
80
70
134
76
74
57
71
75
81
60
1
66
24
72
51
65
74
114
75
26
43
74
61
49
78
58
73
20
55
52
105
79
61
60
42
49
70
70
30
19
52
54
31
43
68
46
72
18
50
73
49
20
50
65
71
51
76
74
45
12
73
57
61
70
42
72
76
1
76
72
46
67
71
79
51
68
70
69
73
75
46
78
55
77
51
59
95
48
71
75
88
69
53
127
59
59
77
70
73
89
70
73
99
76
65
48
70
76
52
72
77
72
86
75
82
89
108
67
76
116
72
73
69
73
87
152
71
85
80
68
93
74
76
46
51
75
84
107
74
82
72
46
73
70
74
79
204
128
71
72
70
71
75
151
51
71
50
149
84
73
53
124
75
90
110
83
74
74
52
74
151
72
70
70
76
50
94
72
76
70
78
149
250
73
72
72
71
75
73
52
74
76
135
107
70
27
31
72
76
97
51
197
71
74
52
42
71
111
77
16
19
78
148
80
80
84
78
70
72
75
124
77
38
72
72
49
70
81
71
71
92
5
54
41
2
72
71
156
48
0
74
106
134
81
77
79
79
48
29
58
44
43
80
22
68
46
72
75
48
76
79
71
77
75
69
73
22
54
55
74
53
60
60
60
90
49
38
52
73
52
70
74
41
74
74
43
57
12
55
48
72
70
43
62
72
72
48
51
73
73
90
78
195
18
81
82
55
65
73
71
76
9
76
70
15
88
75
72
71
44
78
83
74
59
71
73
78
57
80
47
79
44
78
53
69
75
71
77
63
64
72
73
8
72
77
97
145
55
74
61
136
34
45
76
75
75
78
75
1
81
54
30
80
99
79
49
66
71
74
10
520
75
10
71
133
76
78
50
71
104
57
84
69
53
84
74
76
138
72
82
72
70
79
80
1
72
34
73
51
60
51
65
47
67
67
55
60
5
37
50
79
76
74
99
46
72
69
77
50
72
77
28
51
35
31
54
16
43
84
76
57
76
72
29
82
65
10
76
60
132
70
54
75
268
275
71
74
122
74
135
102
74
135
66
35
72
62
65
52
81
67
44
136
4
86
36
76
54
61
213
72
139
111
46
72
71
82
43
70
91
73
75
139
93
325
38
78
137
77
77
71
75
87
71
75
71
93
59
47
69
34
19
43
11
48
65
69
47
58
77
62
75
42
85
121
217
139
147
69
70
55
235
28
48
77
12
70
74
175
63
70
76
78
71
22
72
79
42
23
15
94
44
53
71
74
61
93
51
34
78
77
76
58
71
107
51
62
80
71
62
48
72
75
75
131
88
60
72
77
78
74
71
34
70
77
71
72
72
76
76
75
65
72
46
58
64
79
64
76
71
76
72
81
71
64
90
69
73
91
22
57
48
60
64
39
46
46
70
52
74
71
83
70
55
26
27
76
72
152
73
75
71
2
39
69
62
235
14
143
157
75
118
148
47
43
182
183
26
73
78
77
74
71
75
78
71
73
44
3
73
1
74
77
18
85
56
94
78
115
78
64
76
55
75
68
71
24
72
76
88
24
11
46
4
55
74
28
84
227
73
74
9
74
73
72
59
46
42
35
61
74
60
71
75
70
51
398
72
79
71
68
9
52
65
53
38
66
41
56
91
70
62
236
88
123
95
70
79
73
116
80
71
125
74
9
155
73
17
73
70
79
67
28
23
34
44
20
30
82
72
72
76
72
64
70
58
53
49
82
82
96
136
145
86
76
69
71
76
70
136
137
71
76
70
80
91
59
73
71
82
147
72
74
87
82
83
89
134
73
112
81
77
75
72
76
69
72
73
75
73
74
46
46
143
71
89
71
75
130
72
78
79
75
82
70
40
77
62
62
39
15
74
90
57
60
45
75
65
50
72
50
72
48
5
82
86
392
75
77
71
77
86
70
40
70
52
67
104
71
32
59
52
6
76
51
75
76
51
37
72
73
59
53
2
70
49
60
62
76
86
50
48
79
75
80
64
54
75
58
71
22
61
33
77
80
93
59
80
5
60
75
49
54
72
73
49
69
75
18
96
71
145
73
81
69
34
74
24
72
46
85
79
92
70
78
34
68
71
55
53
81
87
75
73
75
73
87
101
49
18
77
66
163
75
77
85
77
60
72
55
71
38
76
87
71
63
67
160
65
44
68
71
71
70
69
16
72
30
65
232
70
86
40
62
71
79
34
98
64
82
0
72
71
68
70
22
56
51
73
131
46
47
37
92
30
243
19
140
128
54
72
78
69
75
56
48
69
74
82
53
77
96
37
63
27
70
28
73
69
54
73
71
54
72
26
46
8
78
41
75
73
62
41
205
79
21
73
57
79
77
41
109
155
109
80
65
366
47
76
50
62
47
56
62
48
54
120
198
106
73
79
74
113
46
48
73
72
93
136
59
46
48
42
72
52
72
67
586
54
6
52
75
73
45
87
120
102
56
29
52
159
77
70
96
8
77
79
107
153
77
277
72
50
76
92
96
43
55
46
71
83
72
0
88
51
71
71
52
74
131
22
7
98
12
108
22
52
54
60
55
26
46
50
217
23
78
71
47
61
26
56
59
44
74
69
89
111
76
74
77
56
59
74
88
64
91
73
28
89
57
49
5
73
77
74
79
78
284
45
69
77
73
20
59
80
224
110
58
72
73
145
102
19
81
190
60
71
49
50
51
69
40
21
51
69
66
75
80
87
57
72
97
85
139
233
70
72
46
99
43
73
147
78
78
53
81
87
53
59
72
65
45
69
4
52
55
76
99
70
64
131
134
34
90
53
75
88
143
42
26
66
81
66
69
74
277
50
50
109
42
98
71
54
128
50
53
76
61
75
76
44
24
15
31
84
71
77
53
34
11
140
69
4
72
6
15
7
95
52
63
62
76
83
75
139
93
77
48
46
75
96
60
50
48
36
44
69
73
54
56
72
80
78
9
100
69
147
157
163
80
78
66
132
82
80
71
71
77
77
87
71
71
76
66
81
396
211
67
132
71
44
51
45
75
72
71
22
80
50
76
71
50
27
191
76
82
19
15
73
13
100
47
71
34
39
72
84
37
157
53
77
66
76
53
70
77
22
93
78
47
61
41
72
64
75
75
77
123
6
100
92
122
75
75
151
46
62
70
62
65
53
47
63
83
50
7
70
71
133
71
71
204
46
64
5
86
42
47
