0.0616157358983
0.2
0.8
117 0 24.194673511
1-4-6 1 3.14419363138
0.56-0.03-0.29 1 1.0
0.45-0.1-0.03 2 1.0
20-9 0 9.96423742113
3-44 1 1.0
0.83-0.120.03 1 1.0
12-9 0 -17.4013243543
21-4 2 3.60651772467
1.24-0.060.04 0 5.0
2-25 0 22.8487338159
0.390.04-0.09 0 5
2-34 0 5.64
0.130.030.05 2 1.0
3-3-7 0 20.9839079502
0.44-0.12-0.26 2 1.0
0.71-0.15-0.39 2 1
2-4-3 2 3.42511763733
2-19 1 3.5899043909
3-22 0 -29.4811046808
0.84-0.35-0.53 0 5
3-18 1 17.4768769332
41-5 2 -200.0
30-4 2 13.2374099266
215 1 18.6718390716
0.53-0.29-0.72 0 5.0
424 2 -267.6352
3-31 2 0.900825373275
32-7 1 7.47961139813
11-8 2 3.41285367144
1.88-0.38-0.25 1 1.0
0.97-0.090.11 0 5.0
21-3 0 7.57170061461
0.53-0.25-0.57 2 1.0
2-2-7 2 13.1081489231
3-1-9 0 20.1234241496
2-4-4 0 -15.4071404885
0.220.010.13 2 1
203 2 19.7004546029
125 2 5.71342238742
4-2-3 1 -200.0
3-36 0 22.3590168407
0.20.00.04 1 1
00-2 0 1.33700181904
113 1 20.4886249506
216 2 19.2029528021
209 2 15.8470629802
423 1 -262.72
32-4 2 4.10922781132
323 0 -106.107760425
2-45 2 1.0
1.63-0.11-0.25 0 5.0
1.94-0.4-0.18 0 5.0
3-40 2 5.05950223491
2-4-9 1 2.74599813545
1.77-0.25-0.52 0 5.0
0.85-0.37-0.54 0 5
3-3-3 1 4.99719589528
2-15 0 5.0
014 1 7.45740248592
32-1 2 3.41792768062
122 1 2.44
211 0 15.3078655693
221 0 -15.1230536779
3-45 2 4.73887057121
0.24-0.07-0.1 0 5.0
21-5 1 6.88363809221
027 2 2.45459360745
2-4-2 1 4.69006863247
1.52-0.08-0.07 2 1.0
2-3-8 1 -35.19269895
3-30 1 -25.0923471858
106 0 -10.6588861653
0.350.040.01 2 1
3-15 2 8.82806538506
307 1 19.1818575869
115 0 24.0256181924
315 2 9.16517278074
1-4-4 1 5.70053449135
31-2 0 -18.8457434915
329 1 5.01614212107
2-38 2 7.91269856292
30-5 2 17.9723623495
20-7 0 21.6676914511
401 0 -325.915827486
31-8 2 4.89515097848
1.24-0.060.06 0 5.0
3-3-5 0 -8.10111250136
2-3-7 1 14.2601783555
0.87-0.4-0.55 2 1
3-24 0 -16.6243091494
1.11-0.070.08 2 1.0
2-2-6 2 18.9375544062
0.12-0.04-0.17 1 1.0
217 1 18.1314058009
208 1 6.08614236521
32-5 1 4.94066588
207 0 4.85649744713
4-4-4 0 -16.0000000099
3-4-4 0 -24.7612825752
304 2 -20.4144617946
0.150.01-0.05 1 1
21-1 0 19.1246068647
0.44-0.10.0 2 1.0
0.44-0.1-0.05 1 1.0
2-4-6 0 -1.90258687985
015 2 14.9127274445
00-8 2 2.36628749375
4-2-5 1 -200.0
301 2 4.45308264505
2-3-4 2 12.1999683136
3-34 0 -17.6108133936
2-1-8 2 1.79916934316
3-13 0 -26.5167434186
0.070.020.11 0 5.0
0.72-0.18-0.44 1 1
32-8 0 -13.5430182314
0.020.00.1 2 1
415 0 -200.0
111 1 18.9654734755
2-1-6 0 21.8179286299
421 1 -262.72
1.72-0.18-0.4 0 5.0
1.04-0.070.04 0 5.0
1.77-0.24-0.51 2 1.0
2-3-9 2 3.68392123471
1.87-0.37-0.38 1 1.0
1.67-0.14-0.29 2 1.0
3-2-8 2 19.8705898239
2-27 1 4.85163606239
0.37-0.07-0.31 2 1.0
0.140.01-0.02 2 1
3-3-1 1 0.831253601976
026 2 10.0688744393
1-4-5 2 -35.0191175443
4-1-2 0 -200.0
0.5-0.110.04 2 1.0
0-4-8 0 -24.4864467305
120 1 5.41859349217
213 0 19.4952766087
223 0 -5.17976233781
324 2 -12.8541741809
1.13-0.070.02 1 1.0
3-14 2 5.58466294323
1.74-0.2-0.41 2 1.0
206 2 10.9084211939
314 2 4.88611023322
2-39 2 9.00515904338
40-5 2 -200.0
42-2 0 -232.0
100 0 14.6546060254
0.38-0.09-0.02 1 1.0
127 1 10.2701071742
4-40 0 -200.0
005 0 23.4261171753
305 1 11.7217417527
0.07-0.02-0.18 0 5.0
1-4-2 1 1.80652520808
0.32-0.05-0.18 2 1.0
1.8-0.3-0.37 0 5.0
4-31 0 -200.0
20-5 0 22.63011941
403 0 -200.0
1.59-0.09-0.17 0 5.0
3-2-6 2 18.1883222375
2-3-5 1 8.955562086
3-26 0 -13.2355295233
0.69-0.11-0.12 1 1.0
1-3-5 0 -9.64390077449
41-1 2 -232.0
30-8 2 20.6550575257
110 2 1.0
219 1 18.7094987505
0.010.00.1 2 1.16
420 2 -292.2112
32-3 1 -13.0023914715
3-4-6 0 -27.1341439394
124 2 5.5020741427
0.210.00.09 2 1
2-1-9 2 -10.2493956317
21-7 0 19.024631621
3-2-9 1 19.1088247232
2-2-3 2 1.0
3-1-5 0 22.4627291189
10-4 0 6.00871464318
2-28 0 -19.9213135772
121 2 1.0
1.85-0.35-0.32 2 1.0
0.77-0.22-0.4 2 1
3-32 0 -19.8948690931
0.52-0.01-0.24 0 5
104 1 19.0994202281
4-4-3 2 14.5743357029
0.460.02-0.19 1 1
2-14 2 7.78231296169
1.12-0.070.02 0 5.0
228 1 5.91686263152
0.68-0.13-0.39 2 1
309 0 9.07848912486
117 1 19.5437550318
0.45-0.13-0.27 2 1.0
4-3-3 0 5.0
00-4 2 3.90936474428
2-41 2 1.0
0.5-0.18-0.45 2 1.0
0.59-0.06-0.32 2 1
20-9 1 14.705072315
0.460.01-0.16 2 1
3-44 2 3.83485011266
325 2 -7.35950359975
2-25 1 5.86738029091
1.26-0.060.03 2 1.0
3-3-7 1 19.4687210999
2-19 0 -2.55855071131
2-18 2 -20.5158053704
0.84-0.34-0.49 2 1
3-18 0 24.4287218662
412 2 -287.296
215 0 20.3809253591
225 0 2.87297207222
40-4 2 -232.0
424 1 -262.72
32-7 0 -0.526832124464
108 1 -9.2346206471
-109 2 1.0
3-1-9 1 11.299555972
009 2 14.8864933773
10-8 1 -36.0411634328
0.79-0.25-0.46 0 5
017 1 14.9916982921
102 0 24.7046651248
3-2-7 2 20.3767142491
3-11 2 -22.0038778125
125 1 -8.70827687397
007 0 -18.2191771635
303 1 5.87539563894
1.39-0.07-0.04 2 1.0
119 0 20.9299207996
0.5-0.110.03 0 5.0
311 2 -0.214329275858
4-23 1 -200.0
30-9 2 7.70536542981
20-3 0 22.3062506812
2-1-4 1 12.934491023
31-4 2 -21.3166199819
3-3-9 0 19.6791916009
1-3-7 0 -22.0479858019
0.49-0.11-0.01 1 1.0
0.160.010.01 2 1
128 0 -22.2782985166
1-4-7 1 4.8944810987
014 2 8.25975498878
32-1 1 -18.1809990047
2-1-4 0 21.0987589693
0.13-0.04-0.12 0 5.0
20-8 2 18.4908712386
4-10 0 -232.0
221 1 10.0121407073
300 2 6.59582072558
0.190.02-0.14 1 1.0
22-9 2 -10.6781351576
21-5 0 21.5956102434
2-24 2 4.68315398887
3-1-7 0 24.8616874439
10-2 0 2.24024267128
2-4-2 0 -14.2462182353
0.29-0.03-0.22 0 5.0
3-23 2 2.37143286873
2-40 2 2.35351470884
0.49-0.11-0.06 1 1.0
1.88-0.37-0.36 1 1.0
2-2-5 0 6.39518048005
0.170.01-0.03 0 5
2-3-8 2 4.5742004864
3-30 0 -70.1499685415
106 1 7.43094710939
0.52-0.22-0.56 0 5.0
00-8 0 -5.2054604335
0.47-0.15-0.44 2 1.0
1.1-0.070.02 2 1.0
307 0 24.4315758397
115 1 20.4163169458
0.110.020.07 0 5.0
2-1-2 0 14.1387662434
1-4-4 2 1.0
329 0 2.36678130648
413 2 -262.72
1.82-0.32-0.36 0 5.0
401 1 -308.522355486
0.76-0.21-0.37 2 1
2-49 0 -6.54116415484
015 0 20.7198536792
2-36 1 1.0
3-3-5 1 8.24603429721
4-2-2 1 -200.0
1-39 2 4.05426415137
2-3-7 0 20.4851515057
109 1 -16.4030028097
3-24 1 5.55819271338
00-1 2 18.6394428797
2.0-0.42-0.18 0 5.0
112 1 20.4894545354
217 0 22.9767899584
227 0 -10.7726939775
208 0 -3.8736366523
422 1 -232.0
32-5 0 -23.6418378185
320 2 2.96534280721
0.040.010.04 0 5
3-10 2 -14.9022028309
3-41 0 -32.6134038147
202 2 18.1186069602
2-4-8 1 -2.99087199825
310 2 4.71673866055
1.9-0.38-0.2 0 5.0
3-3-2 1 4.44983114304
1.33-0.06-0.04 0 5.0
3-28 1 12.7552006354
2-16 2 8.20597121478
015 1 16.7838942118
123 1 6.54400923898
1.5-0.07-0.02 2 1.0
001 0 24.7485868628
301 1 -26.6316752095
1.76-0.24-0.54 1 1.0
0.110.01-0.02 0 5
32-8 1 5.00733155477
3-16 0 24.6621684258
111 2 15.3350113704
20-1 0 22.001062523
2-1-6 1 17.9792330867
20-7 1 19.9356455088
319 0 23.3352497555
1.02-0.080.13 2 1.0
421 2 -270.0928
3-2-2 2 4.65349858703
2-3-9 1 4.86192727161
0.330.040.06 2 1
107 2 9.65017863464
22-8 2 -14.703550376
018 0 -7.3054903117
1-3-9 0 -13.711448327
3-3-1 2 3.23806603787
0.32-0.04-0.22 1 1.0
114 2 20.2319853282
1-4-5 1 -34.3474035396
4-1-2 1 -200.0
31-1 2 5.633480567
3-4-2 0 -0.864522650565
120 2 5.09486033224
30-2 0 5.48835416704
1.03-0.070.09 2 1.0
223 1 7.09745250988
0.19-0.06-0.14 0 5.0
0.47-0.14-0.43 2 1.0
12-8 2 3.76539305848
0.69-0.14-0.4 0 5
2-18 0 -26.4901150442
2-37 2 15.1351909777
3-3-4 2 -16.0478274395
3-1-1 0 -9.41837145366
22-1 0 6.24218609264
1.16-0.070.02 0 5.0
2-2-9 0 -9.92214944458
41-4 0 -232.0
100 1 17.5347851338
1-4-8 0 -22.3278235208
2-15 1 10.909197987
127 0 -6.83494438641
005 1 19.857828236
305 0 3.32413607231
1.28-0.06-0.05 1 1.0
21-2 2 6.2295609993
2-4-5 2 -27.2562874628
20-5 1 20.2736912756
403 1 -232.0
0.190.02-0.11 2 1.0
300 1 4.24144332644
321 2 1.67559615572
4-2-4 1 -200.0
0.76-0.11-0.01 0 5.0
2-3-5 0 19.8622670005
3-37 2 11.4793227797
0.79-0.12-0.01 0 5.0
3-26 1 11.8237051213
1-3-5 1 4.95853490524
1.6-0.1-0.19 2 1.0
110 1 13.9390795003
2-1-7 2 7.61633625012
0.53-0.29-0.76 1 1.0
2-17 2 2.9539573251
420 1 -306.9568
32-3 0 -15.682352322
0.240.010.12 1 1
3-4-6 1 -23.9263876365
0.55-0.03-0.25 2 1
3-2-9 0 9.78457402005
2-26 1 9.01065431104
3-1-5 1 14.9385843744
10-4 1 10.3846304623
1.22-0.060.03 1 1.0
3-21 1 1.0
3-2-3 2 -12.4205410784
121 1 1.8
1.14-0.070.09 2 1.0
210 2 17.4940283469
222 2 9.89123125886
40-1 0 -194.997524949
0.68-0.12-0.35 0 5
008 2 15.8283369087
3-4-9 1 4.92914633149
228 0 -29.7692807487
2.03-0.42-0.22 1 -200.0
3-17 1 5.39518501825
4-3-4 2 -200.0
20-9 2 1.0
12-9 2 -28.1489866769
2-25 2 4.2957669928
2-2-4 2 7.57439303575
4-13 0 -200.0
1-4-3 1 -35.1863340398
30-4 0 -12.3113258708
20-4 2 20.2361840513
225 1 -4.73360562555
402 2 -262.72
3-4-4 1 4.52692811342
424 0 -267.6352
31-9 0 16.5278897936
3-1-3 0 -9.80066325852
22-3 0 6.844224
21-3 2 2.99808
3-27 2 9.47738884057
2-2-7 0 -1.73978292251
1.43-0.07-0.02 0 5.0
10-8 2 4.55901389024
2-4-4 2 -15.5060461431
017 0 -9.99245750214
102 1 20.5099863141
3-4-7 2 5.59960806152
125 0 -14.7378661142
007 1 8.9322532795
303 0 0.977472183015
119 1 17.041337971
3-36 2 15.4376940803
0.080.010.02 1 1
10-5 2 3.74477960561
20-3 1 18.0418697489
11-9 0 7.30528
1.65-0.13-0.25 1 1.0
3-3-9 1 18.9083147483
1.89-0.38-0.2 2 1.0
105 1 9.78432723806
1-3-7 1 1.0
0.43-0.1-0.13 1 1.0
128 1 11.7015006231
116 1 19.9844276923
1-4-7 0 -18.3505712265
31-4 0 21.8222143873
32-1 0 0.709917044647
00-8 1 4.98262525511
20-8 1 19.2019862653
211 2 17.3662930434
3-45 0 -29.2966527198
2-24 1 1.0
2-35 1 5.30485909423
3-3-6 1 17.1864321546
027 0 -9.50392781484
3-1-7 1 16.9454588665
10-2 1 12.6427009782
4-1-1 2 -232.0
0.22-0.07-0.12 0 5.0
3-23 1 5.23665162695
40-3 0 -199.84
106 2 9.65984254698
207 2 9.15579405208
3-15 0 22.7026813854
0.5-0.11-0.0 1 1.0
115 2 20.4163288879
1.15-0.070.06 0 5.0
2-1-2 1 5.97331093189
315 0 6.56845920098
0.46-0.13-0.33 2 1.0
0.5-0.19-0.5 2 1.0
2-38 0 -6.75331185031
3-1-8 1 20.2777574033
10-9 1 1.0
4-33 2 -200.0
0.20.02-0.2 2 1.0
42-3 2 -232.0
103 2 20.8573721291
2-49 1 3.39986782387
1.46-0.07-0.02 0 5.0
2-36 2 10.9123521015
006 2 19.3363542269
3-3-5 2 7.65312805127
118 2 18.713226421
109 0 -16.2749477803
01-8 0 7.9540368384
0.39-0.090.02 2 1.0
219 2 18.209922942
1.4-0.07-0.08 1 1.0
30-6 0 23.8503923543
112 0 23.6680218839
2-1-5 1 15.2056082147
227 1 9.51065700494
0.35-0.090.04 2 1.0
422 0 -262.72
3-3-8 2 18.6727084877
2-4-8 0 -28.528880179
22-5 0 11.38356783
31-5 1 12.6483770394
1-3-6 2 -20.7965468797
3-3-2 0 1.72340703341
00-9 0 -32.307453952
129 2 -3.1381823108
1.16-0.070.04 2 1.0
123 0 -21.5902194966
001 1 20.8734161121
220 1 7.85860386662
301 0 -74.3033344302
0.34-0.05-0.27 0 5.0
2-1-8 0 -24.8966751227
21-6 2 15.0272254146
32-8 2 -10.6625164974
0.87-0.41-0.58 2 -200
3-1-6 2 5.40750151991
2-4-1 2 3.87067570092
20-1 1 15.9653839442
2-1-6 2 17.682648904
319 1 12.8153737159
21-8 0 21.2342857798
2-47 0 -29.5982996461
0.43-0.12-0.24 1 1.0
2-3-9 0 2.31094094957
3-33 2 5.00982342896
107 1 7.91195930728
018 1 1.14816889831
1-3-9 1 8.01083498272
114 1 20.3248585708
2-3-3 2 1.128
2-1-3 2 11.518091234
1-4-5 0 -43.745499911
00-5 0 -5.7474589409
0.31-0.04-0.21 2 1.0
3-4-2 1 6.50418501441
30-2 1 6.66980696543
20-6 1 20.1406461134
223 2 7.90025827574
0.5-0.19-0.54 2 1.0
400 1 -373.83292859
324 0 -11.8085172706
2-37 1 15.9728641538
3-3-4 1 4.84794025125
025 0 -32.307453952
3-1-1 1 0.25695425932
22-1 1 9.25246251961
0.6-0.1-0.04 0 5.0
211 1 18.1230564937
3-19 2 2.11444168406
2-2-9 1 -5.2264664378
41-4 1 -257.6
214 2 17.9969519964
226 2 -6.13309492437
40-5 0 -73.792
42-2 2 -232.0
32-6 2 3.14014641666
1-4-8 1 5.38163527903
3-4-5 1 -16.8422678844
3-17 0 7.40880102862
0.8-0.26-0.46 0 5
205 0 22.155953063
317 0 23.9429984855
1.58-0.09-0.16 1 1.0
10-7 1 1.0
1.1-0.07-0.01 1 1.0
403 2 -257.6
0.82-0.3-0.52 2 1
3-2-6 0 -20.6823749029
3-42 2 4.99963885432
4-1-4 1 -39.04
2-14 0 19.5907103219
32-9 1 4.97422218952
30-8 0 23.7884183107
110 0 8.49699355926
2-1-7 1 12.8185391228
420 0 -292.2112
31-5 0 -5.47706597855
3-4-6 2 7.94125221893
0.51-0.21-0.6 1 1.0
0.38-0.09-0.36 1 1.0
019 2 4.38321789072
21-7 2 13.2964686758
0.83-0.3-0.55 0 5
0.260.020.17 0 5
0.01-0.0-0.11 2 1.0
41-2 0 -200.0
414 2 -200.0
10-4 2 6.30891247428
4-1-3 1 -39.04
210 0 19.5419118658
3-4-3 2 3.35135768675
121 0 6.568
30-3 2 9.9610833454
003 1 20.9673021064
222 1 9.46835657883
40-1 1 -185.813696
1.29-0.06-0.01 2 1.0
3-32 2 2.15034078842
1.56-0.08-0.14 0 5.0
0.190.0-0.05 1 1
0.53-0.38-0.71 0 5.0
3-4-9 0 -5.81992415348
003 2 20.96802114
10-1 2 -1.83346679442
0.06-0.02-0.18 2 1.0
2-2-8 2 7.2821229167
3-28 2 11.8513408684
20-5 2 17.929150601
1-4-9 2 4.55023937595
00-9 2 4.98247962247
0.53-0.28-0.7 2 1.0
1.12-0.070.05 2 1.0
306 2 10.3013106906
0.51-0.2-0.6 1 1.0
1-4-3 0 -10.7173205412
0.56-0.03-0.26 2 1
328 2 3.98507753675
3-18 2 18.1324418254
412 0 -292.2112
30-4 1 10.7605598073
20-4 1 19.981005083
215 2 18.1624990085
3-41 1 4.99963252064
402 1 -283.2
32-7 2 4.84770926636
326 0 -0.431401714146
3-43 2 4.17271595481
2-3-6 2 9.9871952616
3-1-3 1 4.60363407739
22-3 1 2.1688448
3-27 1 4.52683485265
2-2-7 1 8.94289989604
009 0 -19.7409357236
0.7-0.11-0.08 1 1.0
0.46-0.14-0.38 2 1.0
216 0 21.7503623636
102 2 20.51629011
3-11 0 -7.6098801253
3-14 1 2.5596447521
007 2 15.5909540518
203 0 22.2890914788
311 0 -20.1095869563
0.00.0-0.0 1 1.16
3-1-4 1 5.22025882248
10-5 1 6.49277163701
11-9 1 1.0
31-4 1 8.26123634175
3-2-4 0 -6.6284821521
2-45 1 3.99546937061
0.64-0.1-0.08 0 5.0
002 2 20.8671975289
3-3-9 2 18.1348250323
105 0 -8.61561108179
0.4-0.1-0.3 1 1.0
1-3-7 2 -35.3162943776
128 2 -7.20818710986
116 0 24.3445248234
31-7 0 23.1183943476
20-8 0 20.8724997277
3-26 2 12.2886567722
22-9 0 -10.0937018147
0.72-0.17-0.43 2 1
2-35 0 17.3037157355
3-3-6 0 -22.2228189557
0.160.01-0.03 1 1
2-2-1 0 7.57045504
027 1 7.5131095924
3-1-7 2 18.8204913975
4-1-1 1 -232.0
1.36-0.06-0.04 0 5.0
3-23 0 -24.1299800566
0.57-0.04-0.31 0 5
422 2 -237.12
0.230.010.11 1 1
224 1 6.1527156633
40-3 1 -200.0
0.070.010.02 1 1
3-15 1 5.35844649545
307 2 19.5063939929
3-1-2 2 3.70630513263
207 1 7.00882893623
22-2 2 1.928
2-1-2 2 9.2548270163
315 1 7.02133361533
329 2 -3.52894116962
0.59-0.10.05 2 1.0
0.27-0.08-0.1 0 5.0
2-38 1 -34.7501080977
3-1-8 0 19.1894880727
10-9 0 18.6510815697
103 1 20.7970517394
0.53-0.27-0.69 0 5.0
0.30.030.08 0 5
126 2 12.7630969631
006 1 18.0161913351
118 1 19.3418757719
2-3-7 2 15.9077888759
0.53-0.25-0.55 2 1.0
00-1 0 22.704073719
0.86-0.110.08 0 5.0
410 0 -291.392
30-6 1 18.1180151487
20-2 1 18.3827869704
2-1-5 0 21.4765333935
227 2 -1.21143442878
404 1 -200.0
320 0 2.78001038396
0.490.0-0.2 0 5
0.65-0.1-0.06 2 1.0
3-3-8 1 17.9161492881
029 0 -13.6279371646
1-3-6 1 4.88553000557
2-2-5 1 16.746484997
129 1 6.16876049905
218 2 20.0923301391
0-3-9 1 10.2715325148
2-16 0 20.9975060872
32-2 2 4.14114034461
3-4-1 1 5.29431061456
30-1 1 5.70539586257
0.230.010.15 2 1
220 0 -14.116232405
3-46 2 5.37559749704
0.21-0.06-0.16 1 1.0
201 0 19.910035212
2-1-8 1 6.25762970088
313 0 -46.0053320821
0.02-0.0-0.16 0 5.0
0.82-0.12-0.01 1 1.0
1-48 0 -31.6551557939
3-48 0 -3.53269755005
3-1-6 1 18.1207294637
10-3 1 6.10333312469
20-1 2 18.5716407802
21-8 1 2.474766848
3-2-2 0 -27.3522978055
2-47 1 4.85037766126
40-2 2 -262.4545792
0.33-0.05-0.23 2 1.0
107 0 9.48602833419
0.39-0.09-0.02 0 5.0
018 2 7.94202562987
1.67-0.14-0.34 0 5.0
229 2 3.96605808692
1.61-0.1-0.23 0 5.0
114 0 22.7811147796
2-1-3 1 8.70727516156
1.67-0.13-0.25 2 1.0
31-1 0 -44.8556815598
00-5 1 10.5048544253
0.080.010.05 2 1
0.20.02-0.15 2 1.0
3-4-2 2 -35.4701996659
1.89-0.38-0.23 1 1.0
30-2 2 8.12162967859
20-6 0 24.6416593598
4-12 2 -200.0
4-3-1 0 -200.0
400 0 -376.474164917
324 1 4.90747309119
2-48 1 -16.2933213984
12-8 0 10.7881707112
2-37 0 21.6131413924
3-3-4 0 0.72946076673
025 1 9.8781073517
0.3-0.08-0.11 0 5.0
0.83-0.120.08 1 1.0
3-25 0 5.0
2-2-9 2 5.43739287659
30-7 2 20.6930420885
0.66-0.11-0.27 2 1
226 1 12.0023311595
40-5 1 -200.0
0.87-0.4-0.58 1 1
1-4-8 2 -8.43229966229
3-4-5 0 -34.3603072743
127 2 -16.4069225434
1-38 2 1.51664764793
205 1 17.3444101279
317 1 18.5902608577
21-2 0 13.4995761628
0.43-0.1-0.09 1 1.0
10-7 0 -24.4421040853
2-4-5 0 -20.4765048422
016 2 18.1922220373
3-2-6 1 15.2170202633
0.010.00.06 1 1.0
000 1 19.4923011852
302 2 -32.6847075663
008 0 -16.9966761274
0.53-0.42-0.71 2 -200.0
32-9 0 3.30246940687
00-3 0 2.24521328836
30-8 1 20.5987675761
2-1-7 0 -2.16469547236
318 1 19.7763297188
21-9 2 1.0
32-3 2 4.11023557453
322 0 -8.38226964323
2-46 2 1.0
0.71-0.16-0.46 1 1
0.42-0.09-0.04 2 1.0
1.84-0.34-0.36 1 1.0
3-47 2 -36.3136512205
22-7 1 6.60569444995
019 1 -22.1181619052
1-3-8 1 2.67250901445
41-2 1 -145.12768
0.57-0.04-0.25 2 1
0.00.00.05 1 1.16
1-4-6 2 4.3723745153
4-1-3 0 -200.0
3-4-3 1 5.31031222284
30-3 1 7.89520019034
0.75-0.21-0.38 1 1
4-13 1 -200.0
222 0 -19.0879751294
0.380.04-0.05 2 1
228 2 -18.7957908794
10-1 1 14.1525985578
0.420.03-0.14 0 5
0.080.010.04 2 1
2-2-8 1 -7.29375115807
41-5 1 -200.0
304 1 10.0488929331
101 0 23.3965524923
0.87-0.39-0.54 2 1
1-4-9 1 -27.3347913634
3-16 2 14.8619002495
004 0 24.9460226342
204 2 19.6533597969
316 2 12.5339140554
31-3 0 -14.2783260424
00-5 2 6.19642172937
0.43-0.1-0.08 2 1.0
412 1 -278.08
20-4 0 20.0895725487
0.34-0.09-0.06 1 1.0
402 0 -262.72
326 1 5.36078055784
0.44-0.12-0.21 2 1.0
1.72-0.18-0.36 2 1.0
3-1-3 2 -28.0617269078
108 2 9.80656511259
22-3 2 1.0
4-1-5 1 -200.0
3-27 0 21.1909818339
423 2 -287.296
113 2 20.2621087408
009 1 13.1398572119
017 2 17.0099405775
0.170.03-0.0 2 1.0
2.03-0.42-0.19 2 1.0
3-11 1 5.11189127779
303 2 4.03253560762
203 1 19.5354174627
2-4-9 2 3.06062773743
22-6 2 1.0
311 1 -42.6152782041
3-3-3 2 4.84099508015
0.89-0.10.07 0 5.0
41-3 2 -232.0
3-1-4 0 2.88418190777
10-5 0 -1.89504792029
2-4-7 0 -28.6460744923
3-4-7 0 5.48164431318
2-4-6 1 4.77865656383
3-2-4 1 6.0950672286
122 2 2.2096
002 1 20.9156617561
32-9 2 4.88531012281
414 0 -200.0
1-4-7 2 -12.7877971554
31-7 1 14.2152686379
0.030.010.08 2 1
0.05-0.01-0.22 1 1.0
3-4-8 1 3.36154225756
22-9 1 4.81604186979
0.67-0.12-0.31 2 1
0.030.00.09 2 1
0.39-0.09-0.31 0 5.0
2-3-2 0 5.0
4-1-1 0 -232.0
0.6-0.06-0.38 0 5
219 0 24.0071977686
00-6 2 1.16
0-4-9 0 5.8
30-5 1 13.282075727
212 0 17.4726132591
224 0 -29.623712828
40-3 2 1.0
0.36-0.07-0.27 2 1.0
1.88-0.37-0.3 1 1.0
327 2 0.42275161986
0.340.040.06 2 1
3-1-2 1 5.3495108572
2-43 1 9.8842157954
2-2-6 1 19.0981270842
0.45-0.13-0.31 1 1.0
42-3 0 -232.0
103 0 24.3049292295
0.96-0.090.1 2 1.0
0.47-0.15-0.47 1 1.0
4-41 0 -200.0
006 0 23.7766226868
004 1 20.8763232227
118 0 19.686856585
109 2 6.90837253656
0.06-0.02-0.22 1 1.0
1.8-0.3-0.42 1 1.0
00-1 1 19.9459398795
410 1 -321.033251477
30-6 2 20.3168401332
112 2 19.9392684307
4-30 0 -200.0
20-2 0 20.5714218957
11-8 1 3.27783601501
404 0 -200.0
4-3-4 1 -200.0
3-2-5 2 14.433796537
320 1 -49.9695137444
2-44 1 5.79823461059
0.10.020.11 2 1.0
0.01-0.0-0.06 2 1.0
3-3-8 0 20.969054216
029 1 1.93631160614
2-4-8 2 -15.067533421
1-3-6 0 -11.5258909076
0.030.00.05 1 1
3-3-2 2 4.35762703666
129 0 3.1321514213
0-3-9 0 -22.0353184303
2-16 1 5.54586634448
31-6 2 10.3231169229
0.240.010.15 0 5
3-13 1 5.27426504273
123 2 -10.9728724318
30-1 0 -56.8018796232
201 1 17.9470995422
313 1 4.99679862113
21-6 0 23.2744493397
2-27 2 8.26291470094
0.340.040.02 1 1
026 1 11.7892074326
3-48 1 -27.4687364755
3-1-6 0 4.85298780801
0.6-0.10.01 2 1.0
10-3 0 -9.80355190921
2-4-1 0 -4.10267027945
21-8 2 4.44572373581
3-20 2 1.3688448
3-2-2 1 1.0
2-29 0 -25.5920667075
2-47 2 -5.60936730586
40-2 1 -232.0
4-3-1 1 -200.0
3-33 0 2.43209748593
31-6 0 5.24624428001
3-4-8 2 -35.2693794776
308 0 21.455939754
206 1 9.78517218568
2-1-3 0 13.7222594692
314 1 2.48751481714
4-3-2 0 -200.0
1.2-0.060.06 0 5.0
31-1 1 -9.25574376804
2-42 2 5.29362920589
2-39 1 3.00145663613
1.66-0.13-0.21 2 1.0
2-48 0 -17.8234274326
025 2 1.309004288
3-38 2 8.72987775912
31-9 1 1.0
1-4-2 2 5.01426291447
3-19 0 8.14308675698
411 2 -232.0
30-7 1 19.9685096082
214 0 23.5197256539
226 0 -6.57977115201
32-6 0 5.0
0.77-0.22-0.45 0 5
3-17 2 15.7654126775
0.97-0.090.07 1 1.0
028 2 -11.5393787344
3-42 0 1.17675408144
205 2 17.3828987143
317 2 16.8335808013
21-2 1 8.78803179417
2-2-4 1 3.46095055032
41-1 1 -232.0
0.71-0.16-0.41 2 1
2-4-5 1 4.89467527952
42-1 0 -262.72
0.84-0.34-0.53 1 1
0.73-0.18-0.4 0 5
3-12 2 2.34208213135
000 0 23.6897516084
4-2-4 2 -200.0
200 2 18.2029387538
2-1-9 1 4.40894216445
0.92-0.10.07 2 1.0
312 2 -33.3475563235
00-3 1 18.6505341973
003 0 24.9242276473
3-49 2 1.0
0.34-0.09-0.02 1 1.0
318 0 21.0595574895
21-9 1 1.0
406 0 -200.0
322 1 -28.7461739614
2-46 1 3.37436836443
1.52-0.08-0.09 0 5.0
0.64-0.1-0.29 0 5
3-4-4 2 -3.18281877023
104 2 20.8599562708
22-7 2 1.40490756814
0.53-0.27-0.66 2 1.0
1.69-0.16-0.36 0 5.0
019 0 -18.7676536164
2-26 2 1.0
1-3-8 0 -22.8942207705
41-2 2 -200.0
117 2 20.2454787355
2-14 1 5.15348099882
0.35-0.090.01 0 5.0
3-21 2 1.128
00-4 1 14.1982256367
3-4-3 0 -4.8100358603
1.74-0.21-0.45 2 1.0
30-3 0 3.15699565512
210 1 17.7213011765
325 1 5.1966053748
21-4 0 15.5771725757
1.3-0.06-0.03 0 5.0
3-4-9 2 -20.6935192203
3-3-7 2 19.4486354576
024 1 1.8
0.28-0.02-0.27 1 1.0
10-1 0 -4.18995728804
2-4-3 0 1.35953881115
0.48-0.16-0.43 0 5.0
0.210.02-0.25 0 5.0
2-2-8 0 -11.8193412435
41-5 0 -223.008
40-4 1 -199.84
3-31 0 -7.57171819803
3-28 0 22.1229087552
0.51-0.22-0.52 2 1.0
1-4-9 0 -34.3325175758
3-16 1 11.4669858429
0.53-0.32-0.71 0 5.0
306 0 -20.5236256485
1.79-0.29-0.5 1 1.0
204 1 20.3981396547
316 1 6.86551479179
1-4-3 2 5.17238681597
0.04-0.01-0.18 2 1.0
31-3 1 7.12644895522
00-7 2 -200.0
4-20 2 -200.0
-109 1 2.72336807005
3-1-9 2 11.3315375957
1.18-0.070.0 1 1.0
3-2-7 1 18.1043276932
0.76-0.21-0.34 2 1
326 2 -27.381632277
0.020.00.05 1 1
1.85-0.35-0.36 0 5.0
2-3-6 0 2.31128944611
4-1-5 0 -200.0
00-2 2 16.6278422556
30-9 1 9.55654276632
2-2-2 2 1.0
2-1-4 2 12.2241621777
3-4-7 1 -5.85327651946
2-4-6 2 3.19398038561
209 0 21.4096347364
32-4 0 -49.1435705486
323 2 1.18198126765
11-8 0 15.0367144701
3-40 0 2.63338690665
22-6 1 7.07347443861
0.38-0.08-0.4 1 1.0
41-3 1 -174.0016
2-4-7 1 -3.78942798266
2-15 2 1.0
3-2-4 2 6.78158282046
0.48-0.1-0.1 1 1.0
119 2 16.6622849214
002 0 24.6973518984
221 2 10.9027513648
3-35 1 15.3845782109
105 2 16.2908465624
0.450.02-0.16 2 1
1.06-0.070.02 0 5.0
414 1 -200.0
116 2 20.0110760618
4-34 0 -200.0
3-2-1 2 2.000704
31-7 2 18.7228199126
2-40 1 1.0
0.62-0.08-0.35 0 5
42-4 2 -200.0
1.48-0.07-0.02 2 1.0
2-35 2 2.79706346646
3-3-6 2 19.2011939549
1.49-0.07-0.06 1 1.0
31-5 2 -6.44839467349
31-2 2 -12.6059308155
00-6 1 4.48860143248
0-4-9 1 4.3261512575
413 1 -272.2176
30-5 0 -1.89399133422
20-7 2 19.7839770147
212 1 18.6048101748
0.41-0.11-0.26 0 5.0
401 2 -341.083049475
327 1 5.22442704486
0.51-0.21-0.57 1 1.0
3-1-2 0 1.3876747812
3-24 2 5.65351403818
2-43 2 1.0
2-2-6 0 24.4150830926
3-1-8 2 17.8086605544
008 1 16.4168253527
42-3 1 -200.0
1.51-0.07-0.05 0 5.0
4-4-4 2 18.3093027869
3-10 1 -32.8309008849
126 0 2.95334986905
4-41 1 -200.0
1.5-0.07-0.05 1 1.0
1.11-0.070.02 1 1.0
304 0 -14.736525556
202 1 16.9449194976
310 1 -4.45862286513
21-1 2 9.43870668745
410 2 -292.2112
4-30 1 -200.0
2-1-5 2 15.3545255312
3-2-5 1 8.23191614574
1.55-0.08-0.1 2 1.0
029 2 -27.7923198728
2-3-4 0 22.3667875278
3-34 2 3.25260216502
0.99-0.080.13 0 5.0
0.72-0.17-0.47 1 1
415 2 -200.0
218 0 19.6663789196
32-2 0 -22.8814878542
0.94-0.10.07 0 5.0
3-13 2 3.57000578151
220 2 8.98104108208
201 2 19.4818122212
22-8 1 5.30674492321
313 2 -4.43582179873
21-6 1 18.3879013839
31-6 1 15.7124972318
3-2-8 0 20.7535172029
1.13-0.07-0.0 1 1.0
0.090.010.0 0 5
026 0 -11.5027186118
3-48 2 -35.1896470406
2-4-1 1 -37.8113523254
2-29 1 1.0
0-4-8 2 3.96784780329
213 2 11.3227515038
40-2 0 -243.221204992
3-33 1 5.52381586162
101 1 20.3818557868
1.27-0.06-0.0 2 1.0
3-14 0 5.0
1-38 0 -32.9869312
229 0 -4.88973307455
308 1 19.3021479287
206 0 8.90790378527
314 0 -10.7978035809
2-42 1 5.82808510803
2-39 0 17.6712261563
20-6 2 20.4792048545
400 2 -364.364227129
100 2 12.3055542778
005 2 20.6467321181
1-38 1 3.84590377442
3-38 1 11.1763058775
2-18 1 4.05320571885
3-25 2 11.31436757
411 1 -225.67168
30-7 0 24.8676716673
4-31 2 -200.0
214 1 17.3498088826
32-6 1 5.2108966168
321 1 -25.7441909685
3-4-5 2 7.49724246801
028 1 4.15395298691
3-42 1 4.26416217657
0.460.01-0.18 0 5
2-23 0 5.64
1.79-0.29-0.46 1 1.0
0.63-0.09-0.33 1 1
2-2-4 0 20.717791643
41-1 0 -232.0
0.56-0.10.05 0 5.0
0.51-0.2-0.58 2 1.0
10-7 2 4.11014166349
2-17 1 10.2505633344
016 0 23.4964056628
42-1 1 -257.6
0.410.03-0.11 2 1
3-12 1 5.29945013348
0.180.03-0.05 2 1.0
124 0 5.54717521318
302 0 -81.6816111305
200 1 18.1477586473
2-1-9 0 -17.6838855302
312 1 2.12089578421
00-3 2 13.1972150727
0.84-0.110.09 0 5.0
1-49 1 2.07253556483
3-49 1 5.01028057002
3-1-5 2 16.3036671798
21-9 0 10.2070104472
3-2-3 1 5.94987951614
2-28 2 -31.4574986477
322 2 4.14541281742
2-46 0 -26.8417275972
0.68-0.13-0.37 2 1
0.210.010.05 1 1
0.160.01-0.01 2 1
309 2 1.16
1-4-6 0 -10.729474581
4-1-3 2 -39.04
0.66-0.11-0.1 0 5.0
00-4 0 -13.5195223045
0.09-0.03-0.17 0 5.0
3-44 0 -19.313653366
325 0 -0.0749104492431
1.23-0.060.08 2 1.0
12-9 1 4.58830666245
21-4 1 3.76713606565
0.51-0.2-0.56 2 1.0
024 0 7.30528
2-4-3 1 5.09244013315
2-19 2 -5.88290209807
225 2 11.083135068
40-4 0 -200.0
3-31 1 4.25613954851
101 2 19.2007206912
0.49-0.17-0.41 2 1.0
00-9 1 1.7971967396
004 2 20.959599894
306 1 13.4312052138
204 0 24.4539625445
0.53-0.4-0.71 0 5.0
316 0 -5.6405968405
21-3 1 1.0
31-3 2 -5.80406360349
328 1 5.07804524153
-109 0 -20.9917395682
2-4-4 1 5.00508008112
3-2-7 0 24.1236230162
0.53-0.28-0.72 2 1.0
0.84-0.33-0.57 1 1
0.47-0.15-0.48 1 1.0
0.53-0.34-0.71 0 5.0
2-3-6 1 14.6664364018
3-36 1 14.6020570119
108 0 0.241809299936
00-2 1 20.0864890201
0.32-0.04-0.25 1 1.0
30-9 0 19.9828112694
113 0 23.7853630089
20-3 2 18.4222909132
216 1 18.5491459603
209 1 13.6621568022
423 0 -257.6
32-4 1 -6.40068615484
323 1 4.28385207045
0.53-0.10.05 0 5.0
0.15-0.05-0.1 0 5.0
3-40 1 5.04566056582
2.02-0.42-0.22 1 1.0
2-4-9 0 -26.1334705666
22-6 0 -18.6834522183
3-3-3 0 1.477456855
41-3 0 -232.0
3-1-4 2 3.58273507064
2-4-7 2 -59.7621295562
0.63-0.1-0.11 1 1.0
014 0 19.7820073436
122 0 5.16
4-10 2 -232.0
300 0 -5.50315391833
0.05-0.02-0.18 2 1.0
0.45-0.1-0.08 0 5.0
21-5 2 14.2828595798
0.350.04-0.03 0 5
0.290.030.17 2 1
0.62-0.1-0.07 2 1.0
0.18-0.05-0.1 2 1.0
10-2 2 -14.3060999457
2-4-2 2 5.33535961751
2-40 0 12.4008311062
1.19-0.070.05 1 1.0
328 0 -3.01858541801
2-3-8 0 -1.95163002532
3-30 2 -12.3899778244
42-4 1 -200.0
0.140.030.01 0 5.0
0.52-0.01-0.2 2 1
1-4-4 0 5.0
0.37-0.08-0.36 2 1.0
31-2 1 4.79082989485
00-6 0 -18.8263246442
413 0 -266.816
212 2 17.5725179097
224 2 6.61069085805
327 0 2.55429796684
2-49 2 5.90203854521
1.92-0.39-0.18 0 5.0
1.75-0.21-0.5 0 5.0
217 2 19.0594028364
208 2 14.166930087
32-5 2 6.71466103368
0.030.010.11 0 5.0
4-4-4 1 17.2183825045
3-10 0 -77.0032335305
126 1 9.21300800024
4-41 2 -200.0
3-41 2 3.83025495781
202 0 23.0191083085
310 0 -6.46703758132
21-1 1 12.5273972004
0.020.00.09 0 5.0
4-30 2 -159.8
20-2 2 17.8638997912
404 2 -232.0
3-2-5 0 -13.2546675223
001 2 19.4585892627
0.84-0.110.13 2 1.0
2-3-4 1 7.00020548482
3-34 1 8.23841340763
111 0 22.8247353356
0.78-0.24-0.46 0 5
218 1 19.4343638482
1.28-0.06-0.03 0 5.0
0-3-9 2 11.1911600258
319 2 15.028288576
421 0 -262.72
32-2 1 -17.2346560869
3-4-1 2 -20.2404052267
30-1 2 6.93375401625
3-46 1 1.0
22-8 0 -62.3916060917
3-4-1 0 -13.8508423304
0.33-0.09-0.11 1 1.0
3-2-8 1 20.2324677682
2-27 0 24.3049491692
1-3-9 2 7.96524157555
3-3-1 0 -22.9022714573
0.52-0.24-0.58 1 1.0
10-3 2 5.6762756448
0.7-0.11-0.03 0 5.0
3-20 0 -24.333107264
2-29 2 2.86401987297
0-4-8 1 -33.3083998449
120 0 9.91945606681
213 1 18.9765592557
3-4-8 0 -9.79401186712
229 1 5.30314016212
308 2 19.1158615908
3-1-1 2 -2.44024218028
22-1 2 2.63708405216
1.2-0.070.1 2 1.0
4-3-2 2 -38.4
2-42 0 18.70742801
1.58-0.09-0.15 2 1.0
41-4 2 -232.0
42-2 1 -232.0
2-48 2 5.1512482197
0.190.03-0.09 2 1.0
0.30.030.13 2 1
4-40 1 -200.0
305 2 7.77347986737
0.61-0.07-0.39 1 1
3-38 0 19.5028959064
1-4-2 0 -6.83185647096
0.20.0-0.01 1 1
0.73-0.11-0.01 0 5.0
411 0 -200.0
4-31 1 -232.0
321 0 -25.8508038524
0.69-0.13-0.43 1 1
028 0 -17.0462989844
2-3-5 2 11.3936406318
0.82-0.29-0.46 2 1
0.72-0.17-0.46 1 1
2-17 0 -13.6401499088
016 1 18.6281144196
0.33-0.05-0.25 0 5.0
42-1 2 -262.72
1.4-0.07-0.04 0 5.0
1.98-0.41-0.18 0 5.0
3-12 0 -25.018283768
124 1 -34.5005501504
000 2 19.9085210362
302 1 2.9533232746
200 0 19.0621000427
0.53-0.26-0.63 2 1.0
312 0 -30.8046047162
21-7 1 14.5167947867
3-2-9 2 6.08695665823
1.78-0.26-0.51 0 5.0
4-10 1 -262.72
3-49 0 -12.8638407637
318 2 20.0920389482
1.77-0.26-0.54 1 1.0
3-2-3 0 -17.101525663
2-28 1 11.7308632093
1.76-0.23-0.51 2 1.0
40-1 2 -220.242625859
3-32 1 4.91679513843
104 0 24.4731148506
0.72-0.17-0.45 2 1
1-3-8 2 7.15138239298
0.93-0.10.04 1 1.0
309 1 4.71178456704
