-189.5
-130.5
-204.0
-177.0
27.5
-206.0
-89.5
2139.0
2218.5
-201.5
-165.0
-202.0
-198.5
304.5
-133.5
-192.5
1497.5
-124.5
836.5
362.5
-204.5
-201.0
-191.0
-111.5
-203.0
-203.0
-252.0
-154.0
-202.0
-148.0
39.0
-190.0
-33.0
-190.0
-201.5
-207.5
-202.0
-205.0
-200.5
-204.0
-177.5
-171.5
-184.5
-220.0
-153.5
-203.0
-207.5
-170.5
-201.0
-166.5
-108.5
-142.0
-121.0
66.0
-186.5
-219.5
-154.0
-232.0
-138.5
951.5
-213.0
-172.0
675.0
-185.0
-157.0
-184.5
-212.0
576.0
-6.0
-193.0
-59.0
-198.5
-205.5
-205.5
-207.5
-194.0
-119.0
-90.5
-191.0
-158.0
-193.5
-129.5
-203.5
-202.0
-205.0
-4.5
-172.5
-326.0
-215.0
-98.5
-187.0
723.0
-181.0
-200.0
-199.0
-176.5
-194.5
-167.0
-175.5
-206.5
-172.5
36.0
-171.5
-48.0
-142.5
-104.0
-165.5
-133.0
-199.5
1659.0
-196.5
-153.5
-209.5
236.0
-197.0
-189.0
-198.5
-187.0
-216.5
-212.5
-194.5
-113.5
77.0
-218.0
-218.0
-195.5
-191.0
-193.5
-110.5
-116.5
17.5
-200.0
-204.5
-219.0
3.5
-224.0
-64.0
435.5
119.5
-195.5
-204.0
-159.5
-129.0
-34.0
-156.0
-67.0
-184.0
-201.0
-204.5
-200.5
-202.0
-161.5
-198.5
-202.0
-188.0
-159.0
703.5
-205.5
-202.0
-120.0
-201.0
84.5
-92.0
239.0
-34.0
-231.0
915.5
377.5
-202.5
-154.0
-173.5
-116.5
-207.5
1611.5
-211.5
-211.5
-199.0
-76.5
1876.5
-216.5
-193.0
2540.0
1725.0
228.0
-114.5
-195.5
-206.5
-160.0
-202.5
-209.0
-48.0
223.5
-133.5
-198.5
-44.0
-104.5
-44.0
2065.5
-98.5
-83.5
333.0
-107.0
-181.5
-198.5
-189.5
-103.0
-207.0
-204.0
-175.5
-202.5
-162.5
-195.0
-191.0
470.0
-201.0
-197.5
-204.0
-178.0
-203.5
-204.0
-200.5
-202.0
-201.5
-192.0
-199.0
-205.5
453.5
800.5
1804.5
-52.5
-203.0
-197.5
-201.5
-162.5
-203.5
-173.0
-270.5
-210.0
-194.5
191.5
369.5
-207.0
-192.0
-185.5
-139.0
-205.5
-177.0
-205.0
-146.0
-179.0
125.5
-359.5
-162.5
-95.0
-192.0
544.0
-188.0
-200.5
-27.0
-179.0
-106.0
-126.0
-39.5
-159.5
-88.5
-317.5
-202.0
-141.0
-196.0
978.0
-125.5
-204.5
144.0
-181.0
-114.0
-38.0
-192.0
539.5
-199.0
-186.0
-166.5
-205.0
-54.5
2576.0
-205.5
-173.0
-202.0
-205.5
-205.0
-207.5
-209.5
-189.0
-109.0
-171.5
-167.0
-191.0
-203.5
-204.5
-203.0
-189.5
-198.5
-100.5
-171.0
-204.5
530.5
-203.5
-270.0
-118.5
479.0
-124.5
-205.0
-178.5
-202.0
-177.5
-201.0
-202.0
-120.0
-202.5
-192.5
-167.0
-125.0
-200.0
-114.0
448.5
-159.5
-185.5
-216.5
-16.0
-203.0
-175.5
-204.0
-205.0
-151.5
-216.5
-167.5
-199.0
-263.5
-169.5
-83.0
-190.0
179.0
-202.5
221.0
510.5
-214.0
-204.5
-125.0
-202.5
-168.0
-78.0
44.5
-131.5
-54.5
-198.5
-158.0
-203.5
-178.0
-204.5
-205.5
-204.5
-203.5
-203.5
-205.5
-263.5
-145.5
3072.5
-73.5
-197.0
-135.0
172.5
-111.0
407.0
-178.0
-205.0
-176.0
-64.0
-188.0
-204.0
-193.5
-209.0
-169.0
-260.5
-201.5
-147.0
94.5
328.0
-203.0
444.0
-209.5
-207.0
-202.5
-177.0
-190.0
-203.5
-203.5
175.5
796.5
-199.5
531.5
-79.5
229.5
-205.5
-191.0
-209.0
-201.5
-178.0
-176.0
-176.0
-188.5
-202.5
-409.0
-57.0
199.5
-145.5
-199.5
2328.5
231.0
110.5
-148.0
-196.0
2164.5
-189.0
-199.0
-199.0
166.0
-204.0
71.5
14.0
-140.5
-204.0
-228.5
-203.0
-157.0
-203.5
341.0
-204.5
-141.5
-184.5
-203.0
-15.5
705.0
-203.5
-206.5
-213.0
-205.5
195.5
-206.0
-182.0
-204.5
-201.5
-199.0
-109.0
-202.5
-282.0
-6.0
428.5
184.5
225.0
-203.5
-114.0
-208.5
-506.0
-77.5
-185.0
-209.5
-237.0
-138.5
240.5
-204.0
-100.0
-187.5
-182.0
-270.0
-156.5
-183.0
1259.5
-116.5
-198.0
-203.5
-205.0
-200.0
13.0
-159.5
-200.0
6.5
-130.5
-193.0
1110.5
-125.0
-204.5
-266.0
-182.5
-130.5
-190.5
2194.5
-202.5
-196.0
-203.5
-152.5
195.0
-163.0
1115.0
-187.5
-192.0
-222.0
-296.0
-121.5
-205.0
-203.5
-206.5
-190.5
-94.5
-191.0
-208.5
-194.5
-216.5
959.5
376.0
-175.0
-119.5
-202.0
-116.0
-210.5
-202.0
-55.0
-204.5
-117.5
-181.5
646.0
368.5
2240.0
-187.0
-137.0
-192.0
-197.0
336.5
-210.0
-170.0
-203.5
-152.5
-194.5
-205.0
2359.0
-72.5
-196.0
-197.5
-197.5
-205.0
-204.5
-198.0
-35.5
884.0
-210.0
-212.5
-205.5
-203.5
-183.5
-203.5
-141.0
-207.0
-101.5
-228.0
-201.5
-179.5
-176.5
-187.5
-199.5
-203.0
-212.5
-87.5
32.0
-24.0
2010.0
-365.5
415.5
120.5
-342.5
-227.0
474.5
-222.5
-149.5
-203.5
-188.0
-195.0
-206.0
-178.5
-79.0
-146.0
745.0
1152.0
33.5
2759.5
1858.5
2751.0
-136.0
-214.0
-540.5
343.0
-228.5
-194.0
-197.5
-125.5
-194.0
-203.0
2236.5
-296.5
-58.5
542.5
-215.0
-40.5
-146.0
-116.0
-180.5
-194.0
-185.5
-201.5
-181.5
-130.0
-185.5
-183.5
-160.0
313.5
-205.0
-202.0
-103.5
1076.0
-133.0
-177.0
-125.5
-199.5
2614.5
-208.5
-204.5
-150.0
2218.5
-204.0
-199.0
-187.0
-23.0
-195.5
-210.0
1154.5
-204.0
166.5
-206.0
-191.0
-104.5
-205.0
2859.0
1661.0
1049.0
-123.0
-205.0
-259.0
2426.5
-249.5
-202.5
-202.5
-206.0
-269.0
-177.5
-204.5
-127.0
-204.5
117.0
-204.0
-198.5
-204.0
441.5
-152.0
-97.0
2158.0
-260.5
-237.5
-196.5
-200.0
-203.5
-227.0
-200.0
-215.5
-221.5
-237.5
-179.5
-202.0
123.0
-90.5
-192.5
-197.0
1778.5
-113.5
-73.5
-226.0
-179.0
-224.5
355.0
-260.0
-199.0
-207.0
-114.0
-131.0
-183.0
-193.0
948.0
-137.5
117.0
412.0
-199.0
-205.5
-209.0
-204.0
-519.0
-178.0
-204.0
-171.0
1261.5
811.0
177.0
2447.0
209.5
-365.5
-455.0
-204.0
205.5
-165.0
628.5
-37.5
3462.5
1203.0
-205.5
-262.5
-194.0
-200.0
-201.5
-199.0
-200.5
-203.0
-193.5
-204.5
-170.0
-173.0
-221.0
-193.5
4033.5
173.5
239.5
-214.5
-203.5
66.0
-204.5
-199.5
-86.0
-209.0
123.0
-197.0
-79.5
-180.5
133.0
2174.5
1588.5
-82.0
-185.0
928.5
2779.5
921.5
-211.5
-181.5
2735.5
122.5
-89.5
-198.0
-208.0
331.0
-23.0
-200.0
-65.0
-46.5
-382.0
-170.5
-194.0
-187.5
-203.0
-118.5
-77.0
471.0
586.0
-9.5
-194.5
-196.5
-207.5
-106.0
402.5
3358.5
-1.5
-198.0
-73.5
85.0
-196.5
-203.5
-205.5
-338.5
3396.0
-122.5
-181.0
-168.5
-204.0
-205.0
-200.5
-145.5
-202.5
-198.5
-205.0
-147.5
-179.5
-149.5
-191.0
546.5
-161.5
195.0
-202.5
-150.5
1050.5
-205.5
-194.0
-204.5
-210.0
-199.0
191.0
941.0
-128.5
2348.5
-195.0
-175.0
-244.5
-194.5
-141.0
606.0
-205.0
-308.0
204.5
385.0
1715.5
1515.0
452.0
1882.0
-205.5
-142.0
-158.5
-204.5
-204.0
-107.0
2526.5
-122.5
-210.0
-207.0
-206.0
-207.0
-206.5
-204.5
-205.0
-206.5
-205.0
-202.0
674.5
-100.5
-335.5
-197.0
-22.0
-211.0
-195.0
-202.5
-146.5
-138.5
-190.5
-172.0
-205.5
-196.5
-209.0
1332.5
-206.0
1513.0
-97.0
-192.0
-192.0
-204.0
-95.5
276.5
481.0
-206.0
-203.5
-200.0
-200.5
641.0
-204.5
1934.5
2809.5
2172.5
2674.0
2567.0
987.5
-225.0
-202.5
-200.5
82.0
-159.0
727.5
341.0
-210.0
1666.0
-202.0
-192.0
-188.0
-207.0
-206.0
-205.5
-207.5
-204.5
3694.0
-198.5
-148.0
-180.5
1164.5
268.0
539.5
1935.5
-336.0
299.5
1652.0
891.0
2831.0
2521.5
1178.0
-204.0
1508.0
-360.5
-205.0
-181.5
724.0
-199.5
-227.5
-176.0
295.0
117.5
-107.0
-28.5
71.0
1208.5
2240.0
239.5
-220.0
-190.5
-24.5
-127.5
-205.5
499.5
2438.0
-328.5
-170.5
-204.5
-200.5
3626.0
484.5
-179.0
234.5
-152.5
-242.0
-138.5
-0.5
1711.5
3604.0
1338.5
-189.0
-207.5
-80.5
-279.5
-204.0
-125.0
-199.0
-164.0
-108.0
-326.5
-206.5
-178.0
-191.5
-360.0
-58.5
-154.5
-236.0
-203.0
-24.0
114.0
-121.5
-83.5
-107.5
-205.5
-204.5
-252.0
-197.5
-113.0
1169.5
644.5
-68.0
1089.5
3264.0
1659.0
766.0
2639.5
-364.5
-205.5
62.5
488.5
-237.0
2209.0
-196.0
-199.0
-204.0
-116.0
-164.0
-138.5
-210.5
-285.0
-120.5
-362.5
-74.0
-230.5
-193.0
-203.0
-254.0
31.0
-204.0
-194.0
-191.5
2078.5
3687.5
-72.5
-108.5
-203.0
-202.0
-204.0
-207.0
701.5
-204.0
-119.5
-205.5
1279.5
-201.0
-427.5
459.0
2659.0
-136.0
2769.0
-57.0
3281.5
4012.0
-144.0
-178.0
-52.0
-202.0
-199.0
-244.5
-202.5
284.5
375.0
-216.0
-203.0
-218.0
-128.0
-188.5
-203.5
-203.0
-258.0
-203.0
-199.0
-251.5
-39.5
1087.0
-86.0
-182.0
-207.0
-160.0
-199.0
-114.5
-205.5
-205.5
-190.5
-217.0
3127.0
-321.0
-166.0
2833.0
463.5
2450.5
166.0
3215.0
2261.5
1442.5
-150.0
213.0
1554.5
161.0
845.5
188.5
-155.5
-187.0
-191.5
-187.0
-193.0
-189.5
-82.0
-203.5
-196.5
-203.0
127.0
778.5
-189.0
-204.5
-193.0
3076.5
-203.5
-217.0
-181.0
-198.0
-194.0
-182.0
-195.0
-199.5
-196.0
-199.5
356.5
-126.5
-206.5
-204.5
-215.5
-206.0
-65.0
-182.0
685.0
-107.0
-213.0
1566.5
-110.0
288.0
2653.0
3256.0
1949.5
3234.5
-204.5
1044.0
-208.0
-198.0
-309.5
-213.0
-210.0
-263.5
-55.5
-198.0
-200.5
-199.0
-204.5
909.0
-193.5
253.5
-201.0
14.0
-47.5
-194.5
-123.5
-148.5
17.5
832.5
731.5
193.0
731.5
1448.0
161.0
-200.0
-75.0
-207.0
-204.5
-156.0
1850.5
-215.0
343.0
-173.0
1113.5
-179.5
-202.0
188.5
2054.0
-205.5
-205.0
-169.5
-180.5
660.5
-219.0
-205.5
1508.5
-186.5
-175.5
-178.5
-204.5
-176.0
-170.0
-184.0
926.0
504.0
-188.5
-196.0
-39.0
-203.0
-203.0
-197.5
-194.0
-171.5
-179.5
2477.5
-205.5
-203.0
-202.0
-20.5
-194.0
-198.5
-210.0
-151.0
1235.0
-60.0
2197.5
-201.0
-124.0
-207.0
-200.5
-206.0
-162.5
-200.0
-203.5
-205.5
-203.5
-196.5
-168.0
2707.0
-202.0
779.0
-206.0
-90.5
-204.5
-172.0
-104.0
1821.5
686.5
-85.0
-196.0
-154.5
-107.5
-196.5
-87.0
483.5
-204.5
-201.5
-188.5
1590.0
-119.5
2631.0
1028.5
1875.0
-155.5
3555.0
1806.5
3226.0
2606.5
2520.5
2350.5
-44.0
2174.0
-358.0
-85.5
-222.0
-202.0
-160.0
-186.0
-180.5
-161.5
1645.0
-250.0
-204.5
-204.5
-197.5
-207.0
-133.0
-205.5
-203.5
-268.0
-85.0
-144.5
-202.0
-198.5
-197.0
-88.0
-201.5
2343.0
-180.0
-159.5
-204.5
-433.0
44.0
-165.5
-204.5
335.5
-221.0
1048.0
-6.0
-328.0
54.5
-201.0
448.0
-86.5
563.5
-194.0
481.0
-141.0
-202.0
-126.5
-169.0
-278.0
1841.0
-1.0
2964.5
1214.0
1943.5
2464.5
-284.5
-261.5
-344.0
-86.0
239.5
-203.0
-122.5
-191.5
-202.5
-210.0
813.0
493.0
-155.5
-112.0
2996.0
3899.0
-104.5
-203.0
1205.5
-201.5
-195.0
-149.0
-42.5
269.5
2969.5
1421.5
-79.0
-202.0
348.5
-127.5
588.0
-204.5
22.0
-176.0
1347.0
-135.5
-205.5
-196.5
2029.5
681.5
2775.0
785.5
1632.0
371.0
1918.0
1781.0
1641.5
1634.0
714.5
-204.0
-204.0
-167.0
-204.0
3078.0
-68.0
-129.5
-215.5
-142.5
36.0
-192.5
340.5
1701.0
-135.0
-223.0
188.5
-121.5
-363.0
2373.5
4411.0
-155.5
229.5
2137.0
1051.5
1059.5
288.5
4019.5
4533.0
2117.0
304.0
-160.5
-134.5
-192.5
-92.0
-202.0
-256.5
46.0
-194.5
-228.5
-218.0
-199.0
-202.5
-201.0
16.0
-136.0
-225.0
513.0
-195.5
-205.0
-205.5
-345.0
-205.5
-204.5
-182.5
-204.5
-217.5
-202.5
-201.5
-203.5
204.5
-200.0
-232.0
723.5
-201.5
-158.5
820.5
-203.0
-140.5
-2.5
-209.5
-136.0
-203.5
-217.0
-202.5
-203.0
-202.0
332.5
-188.0
968.0
-149.0
1129.0
86.5
1213.0
636.5
-123.0
-225.0
-176.0
-204.5
-161.0
3460.0
-137.5
-185.0
156.5
-205.5
-203.0
-206.5
-213.5
-203.5
-200.5
-205.5
1492.0
-177.5
-172.5
2455.0
-127.0
-204.5
-195.5
-167.5
1692.0
-208.5
1472.5
236.0
2512.5
-96.0
-53.0
-196.5
-170.5
-197.5
-132.5
-206.0
-203.5
-131.5
-319.0
-190.5
-205.0
-205.5
-71.0
-211.5
-197.5
289.5
-192.5
-253.5
-140.0
-201.0
-189.0
-114.5
-187.5
-200.5
-193.0
298.5
551.0
-200.5
589.0
-166.5
-204.0
-79.5
-199.0
744.5
-204.5
-211.0
-189.5
-196.5
-203.5
-208.0
5.5
-238.0
-328.0
-137.0
-193.0
766.0
-204.0
-196.5
1317.0
622.5
2967.0
-103.0
593.0
55.0
-211.5
2616.5
-182.5
-201.5
-165.5
1431.5
-195.5
-132.5
-202.5
-166.5
-202.5
-148.0
-203.0
2592.0
-201.0
-203.5
-188.0
-200.5
-187.0
181.0
-201.5
-199.0
-195.5
-179.5
-142.5
-195.0
2610.5
-192.5
125.5
-193.5
-196.0
-145.5
-139.5
120.0
2061.5
816.0
-135.5
-139.5
-222.0
-68.0
-177.5
-186.5
1222.0
266.5
-203.0
-28.5
-36.0
-202.0
-206.0
782.0
-96.5
2438.5
4138.0
-115.5
-206.0
2383.5
-116.0
2787.5
1698.5
1387.0
241.5
110.0
208.5
173.5
2732.5
-217.0
1849.0
-185.5
-74.0
-116.0
-206.0
-142.5
-180.5
-205.5
-203.5
-205.0
-205.0
-204.5
-185.5
-188.5
-179.0
24.0
-203.5
-173.5
-229.0
-434.0
-247.0
156.0
814.5
-143.0
-186.5
-201.0
-188.5
-196.5
-195.0
-200.0
-198.0
-279.5
-202.0
-169.0
-195.0
-468.5
-381.0
1832.0
-145.5
-203.5
-131.5
1333.5
741.5
-212.5
-266.5
-179.0
-205.0
-171.0
1660.0
858.5
-132.0
-103.0
-131.5
-195.5
38.0
54.5
-205.0
-208.5
-219.5
-83.5
-358.0
-261.5
-415.0
-217.5
-190.5
-94.0
1007.5
-132.0
3079.0
-161.5
-198.0
-199.5
-204.0
-205.0
-207.5
-197.0
-139.0
-254.5
-234.5
2272.5
-200.5
-134.5
-235.5
-117.5
-27.0
76.5
-190.5
-194.0
-206.5
-150.5
-197.5
-143.0
-202.5
-203.0
-178.5
-190.0
-218.0
-215.5
-197.0
-183.5
-441.5
-259.0
-198.5
617.0
1999.0
752.0
774.5
-209.0
2114.0
-85.5
-72.5
553.0
-216.0
-359.5
-219.0
-203.5
139.0
188.5
-180.0
-128.0
-175.0
-164.0
-83.5
-206.0
3176.5
-203.0
2104.0
-203.0
-202.5
-125.0
-62.0
-200.0
-203.5
-209.5
-197.5
-203.0
-199.0
-195.0
-129.5
-203.5
-252.0
-204.0
-157.5
-194.0
2263.0
30.0
3181.0
59.5
-190.5
2159.5
-146.0
1501.0
-448.5
4306.5
3492.0
-204.0
-203.5
-204.0
-200.5
-143.5
254.0
-173.5
1855.5
-204.5
-190.5
-220.0
-206.0
-43.5
-77.5
-203.5
-205.5
-226.5
-189.5
-203.5
-185.0
-204.5
-174.0
-191.5
-258.0
3226.0
-207.5
430.5
758.5
2071.0
2161.5
-79.0
-148.0
425.0
