241
30
318
41
44
143
63
56
27
74
52
68
23
29
470
25
23
243
196
36
53
21
35
64
180
48
208
160
240
133
138
17
507
18
203
244
186
17
142
82
231
220
8
26
208
73
223
151
265
44
220
56
41
150
75
40
37
124
185
191
153
39
211
69
157
59
55
37
29
19
65
29
50
71
344
31
115
21
203
149
38
165
32
21
68
94
211
155
130
47
178
18
85
118
163
182
35
83
175
33
69
64
26
35
56
74
53
163
180
46
176
211
15
148
22
66
136
150
124
42
177
33
150
28
172
116
190
130
367
59
85
188
17
180
78
169
217
43
164
31
165
45
235
161
163
103
185
51
290
31
29
17
51
45
174
157
168
98
19
30
154
218
33
126
85
279
186
104
222
30
127
38
160
127
164
135
36
72
199
193
158
102
198
297
25
65
47
95
162
183
36
169
293
19
121
103
33
162
56
109
149
314
160
37
21
23
26
148
155
28
156
255
25
68
73
167
197
46
134
47
60
31
395
94
45
36
34
72
160
143
59
21
24
150
35
18
166
26
17
36
38
126
58
93
67
52
132
98
31
36
84
164
63
165
38
161
36
162
97
227
155
171
212
133
64
165
108
154
34
191
61
197
56
106
38
260
57
82
161
172
185
118
285
22
112
128
124
96
37
100
33
79
136
43
55
158
193
211
59
149
161
64
54
48
156
63
200
29
24
234
180
177
56
238
253
110
118
105
99
199
121
132
182
183
28
48
67
144
62
231
217
120
104
59
160
282
204
221
390
149
57
63
31
211
26
108
52
25
144
197
165
33
165
96
47
156
313
178
39
185
166
88
60
229
152
47
159
20
229
152
170
35
71
321
237
211
32
30
276
181
156
202
148
281
157
189
43
134
149
166
73
163
37
37
91
209
196
60
22
119
165
165
43
159
178
208
157
38
131
72
168
307
62
104
154
175
20
160
144
69
91
157
39
171
125
155
54
207
203
39
222
79
16
321
86
63
34
119
120
28
274
38
34
81
26
27
92
156
41
231
166
118
40
121
56
171
224
234
54
45
294
209
161
122
67
308
24
111
182
193
139
72
201
175
71
161
171
108
53
51
40
181
271
123
265
97
87
161
48
76
206
166
143
172
24
52
72
189
34
155
67
58
141
275
358
208
70
46
81
41
68
166
114
186
178
58
32
68
187
188
150
195
101
259
51
87
163
109
173
58
151
277
107
202
191
37
83
70
180
70
162
241
155
26
261
135
32
174
57
74
62
54
234
185
38
131
80
159
69
170
131
47
194
195
39
208
167
176
94
235
40
121
152
170
83
294
314
179
194
71
59
149
45
121
170
30
162
145
146
173
38
42
61
241
211
19
197
190
63
172
187
150
57
170
47
65
172
60
159
225
130
162
49
61
300
27
142
171
87
61
247
184
172
17
56
34
41
168
250
213
69
67
38
53
102
38
173
42
33
74
325
151
34
37
215
56
192
85
69
113
72
42
112
147
62
221
75
174
77
154
126
141
57
71
185
56
174
154
44
323
200
111
233
147
161
256
92
144
152
150
62
249
174
149
40
165
279
63
170
142
172
50
114
78
343
73
148
150
186
340
171
142
153
31
317
246
95
320
201
141
141
213
74
39
235
57
125
176
153
35
185
163
154
177
148
169
55
39
61
123
150
160
178
80
170
82
297
135
257
179
112
154
165
89
65
227
160
177
147
169
166
148
50
39
257
74
50
187
60
152
68
95
149
55
34
38
56
22
53
39
35
26
54
24
61
171
24
40
65
40
199
172
239
185
142
51
278
160
54
144
148
176
68
57
158
74
42
75
74
168
172
36
155
50
56
229
162
186
173
144
80
148
166
144
121
34
87
168
65
66
122
152
129
159
44
72
259
148
69
195
56
178
42
47
47
33
202
46
38
60
155
318
211
48
152
43
143
231
168
212
162
128
211
151
53
142
246
182
88
131
275
196
67
158
181
45
311
189
194
167
172
199
154
338
138
160
160
252
45
144
169
265
122
206
119
27
77
71
236
184
127
115
205
150
76
146
99
111
311
152
114
73
164
151
321
146
66
153
60
208
101
106
146
41
42
56
262
246
88
86
163
37
143
210
133
212
37
76
158
208
182
243
171
188
198
81
215
219
216
279
272
153
99
188
125
173
229
287
163
238
372
150
202
152
173
201
165
176
64
148
224
115
143
153
161
216
147
144
156
180
553
181
154
148
333
109
206
79
37
327
217
293
121
225
125
210
149
307
142
172
152
92
275
156
204
294
314
258
169
148
115
143
157
155
175
68
142
44
224
173
193
154
282
228
220
225
146
162
167
76
50
162
150
209
154
106
183
109
328
153
173
306
95
145
253
186
17
155
160
150
120
124
36
157
152
155
146
236
177
59
196
171
305
171
276
165
172
61
292
284
106
181
143
190
148
46
276
108
213
257
109
149
48
423
76
109
216
261
73
265
408
264
109
184
79
151
113
271
275
41
249
275
159
145
212
182
218
158
147
224
212
167
149
158
292
313
154
49
158
158
329
51
328
212
189
299
163
120
143
176
76
139
152
174
187
158
272
77
162
126
160
274
160
221
25
182
186
312
29
38
220
43
34
187
183
25
66
257
93
179
256
146
166
166
153
246
159
170
255
184
55
205
161
309
481
141
285
312
315
159
159
154
146
144
212
156
168
411
242
232
215
179
155
123
163
112
214
180
236
191
174
201
157
145
82
164
170
196
115
183
191
166
179
203
270
182
56
254
149
180
143
229
158
174
65
40
171
145
33
149
243
148
146
147
257
155
207
193
152
231
149
166
196
247
210
233
359
185
182
281
162
165
205
99
259
98
262
272
153
187
208
185
143
161
402
245
412
143
38
145
159
86
223
78
140
170
144
27
197
170
30
154
21
30
171
57
245
122
334
265
26
239
320
152
91
205
244
167
198
178
74
173
143
195
149
145
264
36
175
168
301
185
202
65
161
263
421
164
35
219
252
84
160
298
149
167
146
157
361
35
424
610
152
145
162
251
90
183
34
196
160
221
35
261
144
202
146
299
310
140
167
306
159
151
160
175
148
277
204
150
137
221
271
286
156
346
152
148
178
401
23
150
170
160
199
288
250
202
166
271
332
235
472
391
227
149
171
107
257
74
149
154
204
274
578
177
425
269
290
189
273
148
152
304
193
295
270
144
242
159
98
159
162
226
103
540
79
327
140
163
263
173
104
208
146
162
471
301
54
148
58
148
151
295
55
187
231
47
45
42
51
176
413
146
236
114
147
108
246
188
79
154
440
114
78
281
288
171
162
146
305
179
325
313
91
334
157
234
46
189
83
166
166
185
414
151
127
245
149
266
292
158
259
161
507
238
269
220
146
245
281
258
93
207
152
218
291
107
146
280
267
269
320
313
254
273
224
372
151
298
250
92
276
311
279
274
262
171
267
284
161
198
143
263
164
242
106
238
184
90
171
114
248
145
240
275
255
182
152
410
258
191
151
150
231
272
254
117
237
365
228
170
156
124
255
265
435
250
270
210
152
252
175
289
292
158
174
144
331
245
131
393
165
369
155
272
299
93
38
179
258
281
165
158
208
266
299
345
264
233
182
89
151
183
424
94
93
264
169
258
153
250
157
94
224
150
169
223
178
145
89
146
120
159
149
392
148
233
100
159
256
156
74
250
239
237
159
497
330
149
309
293
144
143
266
234
142
333
270
213
226
174
242
282
425
119
273
168
405
45
237
362
215
261
156
270
144
227
259
255
242
154
147
64
144
316
162
256
313
146
117
313
409
142
156
90
107
247
212
239
60
178
39
494
143
455
153
90
308
241
225
146
118
253
67
85
452
177
196
151
93
314
66
147
316
283
152
146
270
213
113
266
156
231
154
120
261
267
162
187
263
237
263
181
155
92
208
270
267
198
166
310
151
94
175
255
226
396
432
267
404
162
238
149
122
267
146
253
98
265
245
152
258
76
301
161
235
228
251
259
269
205
144
26
286
185
259
239
184
265
143
157
93
194
259
158
184
268
255
173
22
28
151
46
25
30
184
82
38
231
20
133
36
139
279
246
142
168
320
280
270
148
156
146
131
546
258
153
264
267
410
485
311
410
211
281
269
281
261
240
327
308
270
34
252
247
152
161
252
161
98
278
260
50
301
165
255
250
210
311
249
228
278
205
95
151
158
278
278
231
255
156
92
269
202
189
148
369
281
153
388
107
256
246
145
369
148
275
310
477
239
411
200
222
266
400
186
152
223
534
96
56
219
42
296
170
208
146
106
185
196
178
279
111
148
147
241
256
301
150
199
117
147
397
265
283
314
287
245
270
98
208
280
282
331
154
475
428
89
168
280
160
150
193
141
154
103
240
284
237
146
267
259
259
50
194
125
271
187
48
208
287
253
314
272
56
212
261
422
308
87
278
179
265
159
159
100
244
303
118
334
146
276
620
158
289
156
164
91
148
439
100
445
427
145
87
279
87
196
145
282
222
227
143
155
157
282
262
300
232
156
250
158
154
91
409
245
281
94
240
297
177
265
116
149
83
165
150
151
257
158
93
238
84
200
210
204
123
221
207
90
86
150
142
144
221
156
95
180
222
148
141
222
226
298
265
247
158
235
223
265
284
212
205
422
197
185
300
220
29
112
554
239
153
261
84
304
441
272
144
45
115
198
149
228
159
100
93
247
193
286
242
237
284
142
175
256
85
479
152
250
142
245
125
537
291
81
431
31
159
217
143
169
290
250
288
423
268
171
269
264
158
92
151
90
150
147
147
346
251
274
229
226
152
301
234
43
63
256
292
238
266
185
94
265
148
154
260
147
256
437
146
238
238
423
164
274
153
150
245
145
38
92
221
98
232
148
227
249
150
120
249
236
148
260
378
205
158
244
282
149
187
269
269
249
257
623
159
120
155
396
97
248
228
209
151
252
194
258
284
328
94
250
153
215
252
264
316
249
253
152
109
176
98
150
151
93
145
187
281
216
153
244
282
150
93
275
242
268
280
145
267
149
257
176
243
95
165
276
96
265
142
225
91
394
69
273
255
216
264
267
246
158
278
393
265
141
263
316
269
145
259
290
268
501
67
269
240
347
271
143
142
445
265
92
287
492
336
254
157
591
224
260
151
268
92
277
436
163
284
287
208
251
119
282
272
283
286
83
162
431
286
197
269
266
161
614
448
227
250
270
405
161
148
162
281
293
274
239
221
157
197
147
282
240
274
244
148
263
240
313
282
151
276
269
165
111
254
239
219
125
262
222
263
289
250
234
335
184
122
260
473
274
246
408
247
237
153
231
273
459
238
700
89
237
149
196
255
178
262
150
277
356
145
89
267
465
416
450
771
405
526
235
247
440
263
289
177
290
230
81
114
235
367
280
149
317
149
229
279
178
278
236
92
293
237
148
261
90
149
270
520
235
274
313
92
273
264
157
146
212
403
108
312
281
268
151
356
371
155
256
235
157
278
273
271
132
217
143
272
451
147
299
311
157
252
224
81
279
273
148
231
243
117
119
245
255
210
151
283
151
136
296
281
238
273
408
269
290
288
284
144
275
271
231
231
150
633
235
242
158
268
100
236
390
226
179
252
225
459
232
243
271
190
278
254
269
286
270
180
251
376
264
284
262
450
267
147
263
275
170
235
226
232
275
356
96
243
221
231
149
237
272
214
239
92
249
422
285
208
253
267
540
177
262
146
151
451
158
303
147
221
158
399
147
231
187
166
166
232
265
235
155
171
334
255
174
236
228
209
151
233
177
142
251
256
237
245
154
270
92
160
238
264
142
232
226
181
312
148
280
288
221
508
254
154
268
153
73
307
173
274
142
344
240
145
267
278
219
227
240
163
213
253
256
226
264
253
146
139
224
89
272
102
210
264
223
148
315
248
311
224
97
266
168
235
93
93
229
222
433
238
281
281
431
234
236
120
144
91
175
262
411
271
440
119
277
153
246
250
291
91
265
226
189
249
266
401
285
232
270
183
270
248
261
222
256
241
237
462
260
400
243
257
146
260
138
45
225
267
238
244
279
262
275
274
238
273
157
495
290
242
303
396
302
91
264
97
231
259
144
96
149
278
235
310
244
313
107
443
241
281
202
158
148
305
263
95
239
232
146
153
154
148
240
260
555
183
100
235
412
228
229
148
276
227
236
271
157
273
291
67
237
90
159
274
158
176
93
220
281
302
453
430
225
160
252
145
287
404
248
257
145
270
270
397
223
89
94
154
145
156
444
144
142
110
209
278
423
286
140
383
243
255
260
85
52
178
49
259
297
91
169
55
47
356
621
231
236
223
255
330
144
263
263
151
297
307
256
175
587
38
185
419
145
243
285
360
186
167
147
284
89
238
222
278
646
247
255
275
91
229
322
146
183
201
104
619
94
156
226
85
235
233
254
232
429
169
147
326
340
197
282
96
395
262
237
243
253
251
311
150
155
267
309
275
86
228
263
127
268
225
399
150
188
540
263
263
268
153
245
275
415
456
236
112
168
266
147
143
274
268
231
89
307
402
85
266
147
112
148
152
127
239
146
146
193
270
88
281
33
153
144
457
279
207
154
171
266
94
345
247
158
251
272
195
89
270
285
281
233
229
123
146
253
152
258
270
495
278
260
312
101
458
207
168
475
266
148
227
243
119
149
728
229
284
262
276
224
276
241
228
165
147
229
233
231
224
348
159
143
412
147
460
190
233
406
173
1
433
126
286
266
274
152
396
243
359
190
264
125
169
322
271
266
191
238
256
230
146
175
174
263
268
153
157
262
263
184
101
235
241
228
271
224
223
227
469
268
369
208
150
287
265
272
310
231
274
281
635
90
289
121
228
224
280
282
266
293
127
153
92
236
224
438
317
89
145
274
231
401
228
235
269
396
248
224
176
407
280
261
154
113
253
278
266
235
434
150
259
271
190
155
145
164
270
247
161
314
153
143
350
257
513
227
146
117
70
275
284
229
455
98
282
147
144
233
162
221
148
223
158
182
223
272
230
444
222
286
203
190
221
151
165
232
186
171
156
239
152
251
226
274
275
288
272
235
268
273
313
277
106
142
620
152
276
423
276
282
266
500
251
233
288
258
147
275
246
309
289
283
282
242
151
176
250
291
288
270
106
203
251
237
449
120
368
242
604
267
262
90
806
267
423
287
108
311
109
148
263
259
276
436
261
644
293
254
404
250
207
248
313
274
150
452
267
154
244
274
144
255
295
296
287
247
427
159
257
153
272
206
420
259
153
269
238
271
285
282
94
243
164
151
64
420
276
237
142
327
115
526
687
164
270
270
262
234
90
286
145
90
175
153
416
280
270
272
155
177
158
415
98
159
237
279
265
259
143
158
153
267
158
383
264
243
264
297
380
285
258
289
141
314
328
90
164
232
141
280
261
495
811
274
312
91
222
367
263
263
210
249
218
287
326
293
150
423
227
151
240
267
235
447
237
90
152
292
231
220
169
92
267
143
274
254
146
224
90
243
282
180
160
565
142
268
259
335
248
143
247
435
285
394
272
95
264
274
267
325
467
246
226
69
254
262
398
253
141
250
263
280
141
305
107
216
272
92
164
148
259
454
246
145
434
449
263
386
290
261
394
271
255
146
157
84
230
284
273
91
265
267
257
119
264
329
264
396
450
264
226
224
93
262
253
255
234
223
594
235
213
271
294
235
222
264
229
272
138
169
368
115
460
270
224
263
141
139
302
330
90
93
234
261
156
245
240
266
267
305
265
144
118
285
262
175
292
90
342
148
472
307
163
351
312
150
430
270
261
144
237
261
144
125
91
144
321
173
459
264
89
95
271
273
218
162
229
140
270
276
228
179
270
292
82
263
175
229
350
402
298
221
202
238
225
122
268
271
272
159
224
430
286
239
273
474
169
268
164
295
91
215
260
257
219
217
213
77
102
168
227
188
250
157
38
249
158
64
35
219
253
140
173
180
165
323
197
279
83
150
46
252
155
237
162
38
75
25
149
221
300
58
31
89
130
172
200
40
163
36
107
116
306
129
165
230
158
264
214
454
118
226
175
146
165
150
55
29
161
71
44
67
152
161
118
114
61
176
63
98
403
167
160
222
301
55
529
212
171
235
154
156
54
194
155
185
226
280
109
166
105
233
267
203
76
69
326
56
156
88
19
189
150
142
169
286
411
102
152
181
39
285
242
352
155
194
156
143
304
149
200
103
281
149
252
151
155
370
41
82
266
194
213
154
270
265
279
150
602
188
91
91
46
264
271
451
273
250
47
269
152
151
166
188
152
157
64
263
146
421
214
238
276
458
185
149
52
184
136
186
50
149
170
48
60
52
146
268
157
258
118
81
151
154
47
148
282
167
287
163
197
241
168
232
262
219
364
56
185
75
343
347
225
143
158
313
426
179
312
216
370
260
46
173
246
156
298
71
41
163
194
151
264
65
213
87
259
27
150
182
149
421
157
156
41
255
287
240
143
49
92
85
148
234
43
55
48
89
156
70
224
345
51
290
262
169
91
146
157
246
264
137
181
159
253
185
40
69
385
153
166
209
272
157
120
151
484
147
117
454
150
119
26
269
128
147
37
172
312
455
275
352
338
183
147
166
274
21
289
79
140
212
272
489
259
81
262
27
142
219
446
260
222
181
114
278
165
265
457
72
164
153
85
147
176
235
322
151
208
229
299
284
87
316
90
161
165
83
148
154
38
155
200
168
438
282
45
113
449
188
227
224
492
127
264
279
247
283
156
279
637
77
54
41
179
204
86
82
37
264
276
44
296
132
85
266
79
167
211
30
280
194
190
147
435
241
510
390
410
341
29
275
339
107
233
544
159
165
53
146
149
42
300
176
162
308
52
388
460
151
103
305
81
171
44
153
219
571
46
150
36
156
143
62
242
152
273
279
120
810
291
161
460
142
208
155
160
152
237
434
43
256
286
268
2
141
151
51
149
312
201
265
160
239
89
446
286
170
195
275
268
236
186
273
91
83
71
343
161
371
219
259
267
275
269
37
41
142
318
273
285
150
411
304
267
164
199
140
206
274
158
482
190
480
280
92
145
290
263
231
54
160
248
267
245
446
830
118
228
148
133
271
259
147
171
283
144
242
269
477
253
238
334
153
295
150
94
60
100
267
270
95
146
222
434
315
255
335
146
266
178
291
266
136
580
144
167
93
94
268
99
257
219
142
150
121
87
291
307
253
288
270
283
281
277
260
308
157
147
103
254
158
149
31
240
169
399
437
119
257
189
170
347
155
266
152
71
291
150
182
276
61
274
321
170
338
454
226
266
145
243
326
265
226
142
165
194
267
145
376
151
490
245
162
315
276
111
248
237
97
286
332
146
274
339
184
11
145
321
272
177
320
225
400
155
388
145
146
141
274
148
191
88
154
175
186
164
166
156
274
292
436
270
261
287
297
149
222
49
281
303
380
438
150
306
153
311
159
434
282
188
294
160
526
82
72
358
265
219
263
148
223
403
146
298
148
199
49
145
152
395
4
85
145
206
183
158
636
475
323
175
268
297
263
202
171
153
153
319
145
261
186
171
370
206
393
667
21
297
280
418
270
201
31
466
242
230
53
157
295
276
278
255
268
148
453
115
297
151
226
529
227
166
449
145
152
152
252
233
231
258
198
270
256
281
162
295
114
510
283
274
151
149
246
258
304
146
160
91
167
246
228
278
286
220
178
258
297
268
146
157
498
51
171
264
117
249
35
248
95
305
437
391
73
189
314
205
79
176
152
238
264
214
199
204
146
148
230
161
301
299
290
217
249
249
254
220
254
255
213
216
422
147
175
451
89
312
266
147
268
279
304
110
42
124
233
495
157
263
226
150
158
485
148
230
287
306
243
151
273
280
151
120
104
229
240
181
149
140
617
258
28
109
48
298
253
726
276
30
351
104
277
511
207
74
229
282
261
273
322
310
308
158
356
163
118
404
82
142
247
89
57
145
257
147
268
25
53
272
86
155
230
61
156
58
257
302
174
144
248
265
287
153
212
161
148
199
165
156
158
386
154
145
289
386
150
273
84
265
147
340
213
261
208
92
301
238
266
293
248
362
222
91
267
257
160
279
295
35
250
241
299
236
312
327
144
148
299
109
276
259
216
204
336
81
79
413
95
160
340
93
265
652
548
290
267
143
170
265
256
282
295
415
163
145
146
264
114
261
279
153
184
147
141
258
142
177
154
319
173
399
91
328
149
273
287
257
177
206
276
250
233
279
259
192
302
261
144
352
258
275
307
579
216
226
290
411
267
144
266
241
263
284
111
233
147
266
369
498
177
278
268
363
372
259
111
256
266
304
445
260
89
91
149
273
200
251
363
427
151
116
49
105
283
88
227
267
430
205
254
265
267
286
297
230
273
285
348
370
101
143
145
116
235
159
272
271
287
153
275
140
228
263
162
115
106
266
266
299
185
204
346
245
220
262
267
247
313
289
146
281
148
146
147
282
321
293
224
111
269
160
276
150
351
266
35
254
238
227
146
273
453
221
586
312
283
282
275
160
292
268
285
261
268
248
145
543
262
225
247
259
259
572
162
149
268
315
280
143
261
47
340
270
248
142
94
274
273
492
177
266
91
257
217
396
269
287
155
257
363
417
240
218
508
144
593
111
407
50
251
70
255
264
314
262
497
257
261
286
356
344
216
467
240
304
256
342
110
169
270
298
260
142
407
271
284
333
232
281
110
265
145
263
236
146
151
295
149
142
189
231
256
50
232
261
15
269
231
46
283
205
272
167
264
95
147
215
254
267
89
141
251
213
218
194
410
217
493
149
148
154
372
245
188
228
213
265
224
429
146
144
255
201
204
205
264
271
1081
239
261
152
256
411
434
278
206
273
297
409
164
146
202
240
199
261
220
307
276
226
370
248
274
196
195
207
214
305
442
272
206
170
95
255
198
460
171
43
258
233
431
495
266
266
269
160
267
261
235
438
278
263
342
151
261
160
138
268
115
265
247
206
286
105
238
424
319
295
342
241
212
217
423
141
267
270
149
194
267
258
93
265
148
288
219
344
150
276
236
271
355
217
140
83
203
224
293
217
142
286
197
260
709
215
151
312
35
280
216
286
91
276
169
256
264
106
449
257
191
428
282
179
247
234
205
191
118
288
294
248
230
267
436
271
151
271
54
290
159
311
409
167
275
499
143
255
271
236
268
242
197
258
415
129
157
206
144
158
276
146
203
264
251
273
286
334
140
348
264
528
457
267
264
265
255
30
144
269
1014
412
523
238
264
263
293
265
261
175
159
249
269
260
235
450
316
48
236
106
270
227
231
311
178
158
248
263
173
239
538
197
111
270
151
474
169
247
370
446
181
274
146
146
412
106
257
145
259
244
139
207
275
151
474
265
190
297
617
89
333
284
139
286
278
270
231
304
183
120
264
254
142
282
142
190
364
261
217
210
260
230
151
144
279
406
193
248
277
201
384
113
21
315
203
187
147
185
166
146
151
210
269
277
151
418
145
251
327
442
413
259
304
273
229
262
145
258
267
147
517
160
424
211
247
394
213
364
448
309
193
243
213
460
109
188
415
258
179
78
266
247
547
375
263
63
518
608
236
250
143
181
436
566
245
230
388
237
222
235
273
265
315
114
473
274
274
599
270
259
272
144
248
231
260
267
603
234
310
179
426
235
473
435
230
267
153
264
622
144
254
140
226
149
262
495
206
223
208
233
408
225
220
308
433
386
158
219
140
149
230
246
214
167
231
338
145
262
235
446
77
223
268
402
250
411
231
270
256
249
346
643
143
491
154
243
291
282
286
285
245
197
266
234
516
167
110
98
530
235
228
226
223
241
242
209
273
155
151
230
119
230
249
259
541
277
270
86
289
273
265
