65
508
76
116
363
627
610
222
609
331
83
110
115
194
190
59
385
441
903
263
377
1731
1452
100
484
291
276
110
769
56
78
95
150
594
485
594
156
214
97
161
69
155
521
63
111
158
80
121
658
1042
131
119
66
266
144
72
62
823
111
60
87
77
119
771
1182
112
79
52
240
756
264
61
333
82
82
230
102
73
121
170
82
112
1458
946
58
816
324
68
328
374
781
341
85
1199
559
758
65
74
885
106
57
71
129
88
866
91
967
97
116
581
563
293
403
547
869
447
59
1026
278
645
561
666
1154
504
57
52
53
15
215
110
942
78
366
218
131
323
74
167
679
560
532
88
121
554
84
73
106
205
117
81
119
67
151
1232
75
111
650
292
515
213
1708
340
291
46
719
201
83
451
723
419
478
74
729
760
147
684
514
79
131
224
359
115
68
286
247
218
74
244
112
78
144
81
103
80
94
235
219
487
223
370
823
436
97
2242
552
122
82
92
81
88
157
135
303
237
178
224
90
177
233
86
57
456
217
318
80
166
100
158
135
72
45
850
528
829
94
177
728
465
470
356
220
102
477
169
591
188
88
84
126
427
251
338
219
71
1634
175
808
575
98
116
81
408
664
83
88
142
420
63
87
541
114
109
938
104
718
259
114
115
337
134
341
179
64
208
68
932
913
67
1482
886
199
249
200
1249
169
88
597
191
101
60
146
124
111
429
135
72
197
88
98
64
116
197
90
70
145
87
181
75
120
1067
153
88
74
50
157
145
584
96
296
69
62
468
118
168
167
319
495
205
62
127
79
216
273
223
154
1456
64
145
599
67
96
65
83
111
72
70
251
84
90
77
266
88
55
302
105
471
60
97
147
80
77
133
396
543
113
586
1085
177
184
73
60
220
312
170
83
64
311
70
121
406
150
102
122
899
852
161
1388
116
233
54
62
307
165
97
98
93
354
55
120
74
207
783
157
200
115
988
57
199
74
61
78
75
109
82
104
74
414
496
289
78
74
86
154
91
70
64
81
97
139
109
82
56
254
147
215
193
152
58
350
88
118
85
322
120
289
1072
321
68
86
169
91
182
119
98
255
257
158
122
88
115
67
1129
110
33
107
121
170
106
194
172
119
108
97
87
783
162
91
106
77
93
85
86
463
171
1320
110
77
98
117
281
64
90
267
93
86
66
100
85
71
232
157
66
51
61
334
198
256
117
71
53
684
106
122
232
143
142
244
204
995
259
105
186
135
101
233
183
67
96
74
114
114
77
88
243
243
594
74
211
236
100
121
102
296
181
233
133
180
74
244
184
88
78
71
202
26
235
165
916
53
95
79
115
68
86
232
146
95
199
159
85
200
1044
62
458
92
66
62
82
87
694
126
84
107
87
84
120
302
231
176
74
63
81
204
166
176
89
1376
93
121
75
216
223
79
106
187
103
129
245
236
192
89
153
158
95
80
253
94
76
208
255
909
110
268
110
72
77
114
429
68
70
1020
136
235
180
102
233
97
216
142
122
1336
92
263
177
170
238
95
274
270
185
191
78
858
241
212
340
792
86
147
232
266
99
131
212
310
137
175
132
238
103
85
85
88
99
122
205
108
86
85
87
117
154
99
306
791
556
229
288
122
137
141
211
156
97
162
98
130
145
657
256
353
214
679
221
101
196
317
139
256
169
339
221
98
1413
89
74
328
425
89
108
277
260
76
70
181
316
904
912
179
283
220
134
78
233
289
219
149
108
191
100
104
209
90
133
123
26
11
228
92
244
261
1269
141
119
421
85
269
96
184
122
111
196
415
1153
148
80
57
298
172
295
66
291
68
76
149
298
218
174
87
77
288
199
414
112
139
70
318
103
144
116
125
89
129
140
71
398
92
1078
71
119
117
210
75
68
90
221
106
125
139
107
79
89
78
115
62
66
6
197
134
199
99
88
715
114
141
132
117
384
115
98
30
301
113
109
170
73
89
59
101
217
257
201
145
129
306
200
114
159
1003
188
111
129
71
341
53
100
