115
148
47
76
404
21
229
4999
4999
36
79
23
147
892
245
15
2664
156
1564
944
66
40
57
908
21
21
70
162
26
137
532
53
507
52
24
84
23
16
26
34
140
106
50
38
179
39
24
156
25
107
192
169
196
505
63
109
144
662
143
1991
34
175
1522
66
162
74
127
1655
455
14
360
39
19
19
21
39
343
372
44
183
46
287
26
23
17
422
122
266
115
325
26
1860
62
33
26
125
47
117
242
23
103
1425
63
254
424
245
81
219
1
3663
71
213
23
1110
72
123
45
22
36
26
38
164
645
51
48
54
66
224
290
306
732
40
18
125
459
253
268
1197
529
45
19
52
206
277
156
447
63
28
27
56
26
191
75
26
80
116
1720
16
26
181
28
1294
325
2157
573
97
1958
1087
28
225
150
175
233
3731
112
25
35
216
3014
54
47
4999
2908
624
359
46
35
119
19
20
301
761
162
54
317
816
335
4900
161
326
1207
242
179
27
45
322
19
22
110
22
129
37
48
1276
25
35
28
104
20
19
26
26
32
53
29
31
1359
2071
3264
398
27
35
33
94
23
81
259
42
35
594
1195
40
131
86
140
17
217
94
139
32
886
218
213
320
79
1973
60
47
362
190
218
323
854
304
282
330
23
135
38
2572
97
18
562
62
229
405
49
1578
188
67
94
20
266
4999
15
182
20
16
17
21
26
61
147
104
154
237
20
18
18
57
36
171
132
18
1665
26
100
155
1355
297
17
129
36
193
28
26
865
22
39
183
152
31
247
1088
176
95
33
304
18
188
22
20
144
165
67
65
134
88
156
95
599
22
1055
1220
179
18
176
22
109
237
580
459
221
21
201
23
44
36
16
17
23
20
19
164
146
4999
483
39
186
653
253
1101
32
20
215
246
51
31
40
50
299
218
41
140
479
820
54
1325
29
67
34
149
88
20
23
1304
4850
31
4999
242
707
19
45
24
186
66
78
198
80
187
597
240
997
148
31
4999
757
633
167
117
4999
308
26
29
4999
17
2180
438
243
19
51
27
177
194
1071
17
158
235
27
847
1630
20
26
43
16
938
24
58
18
21
38
169
163
358
1713
1028
715
823
20
161
28
779
265
201
173
76
318
983
19
226
25
118
349
109
114
4999
177
31
32
17
27
1203
60
150
708
373
2040
4999
1443
18
78
68
157
46
4999
19
38
17
109
776
194
1809
181
68
40
111
177
16
23
17
91
726
18
21
9
406
1836
798
87
185
23
372
36
26
302
18
1003
175
1905
981
4769
23
195
43
36
1710
31
88
26
132
11
20
4999
280
83
55
35
17
18
35
1026
4277
233
73
18
23
68
20
154
49
275
61
37
111
111
69
25
18
35
249
502
700
4999
362
2733
1467
605
48
1817
36
132
17
60
40
59
68
371
163
2050
2725
1326
4999
4999
4999
143
112
359
3330
413
45
32
187
82
21
2982
119
277
1238
126
368
156
153
62
51
150
24
70
138
71
57
108
2255
15
34
259
2549
133
79
134
1
4999
37
18
358
4340
46
32
317
621
179
372
2847
19
1241
27
58
148
34
4999
3232
2033
168
29
347
4999
75
22
22
18
189
97
24
215
29
1282
19
54
19
1288
2355
438
4999
200
81
55
30
20
306
36
90
79
66
177
23
570
160
44
41
4233
164
294
77
120
368
937
459
29
56
211
170
71
62
2615
397
916
1579
61
19
33
22
334
73
25
131
2823
2554
1050
4999
905
182
348
19
1552
125
4999
829
4999
4999
16
260
62
35
24
134
23
21
37
18
87
112
213
109
4999
693
1024
31
20
1123
21
34
157
40
4999
30
210
132
672
4999
3538
278
70
2391
4999
2999
43
64
4999
1535
341
31
20
1217
307
24
382
279
2047
119
12
50
17
168
336
2747
4999
898
48
145
249
328
1435
4999
649
42
271
699
37
20
18
167
4999
146
61
139
19
20
23
132
22
27
17
132
134
157
58
1415
98
770
32
112
4999
16
100
18
28
35
920
2151
361
4915
10
72
92
155
217
4999
20
300
4999
1232
4999
4999
1307
4999
16
145
168
24
22
156
4999
263
28
19
27
19
16
15
17
17
23
29
4999
515
1335
48
345
35
41
25
139
133
46
82
27
34
21
4999
122
4999
402
64
46
22
227
1492
915
21
23
27
26
3787
21
4999
4999
3942
4999
4999
1829
49
22
26
443
169
4999
2391
28
4999
26
52
83
43
16
16
100
18
4999
29
143
68
2037
2317
1579
4999
343
1977
4999
4999
4999
4346
4999
22
4999
342
16
61
4936
67
44
137
4999
585
468
878
753
4999
4999
799
56
71
287
560
46
3954
4999
208
121
16
98
4999
1072
124
764
126
193
223
378
4167
4999
3592
52
27
332
201
19
230
42
163
265
268
35
71
67
343
386
163
77
99
1367
623
205
371
941
15
17
76
191
607
4999
4999
451
3199
4999
4314
3063
4999
178
45
600
1560
325
4999
37
35
19
157
422
159
58
337
166
179
259
98
52
21
237
594
19
197
44
3532
4999
247
153
21
20
19
25
1908
16
171
19
2508
28
940
4999
4999
174
4999
1463
4999
4999
138
159
2282
49
32
73
19
1394
1070
46
21
53
178
189
20
21
778
32
32
77
242
4999
191
100
31
162
44
149
19
22
67
35
4939
334
68
4999
1294
4999
861
4999
3604
2219
144
884
4999
597
2338
569
344
140
50
144
79
58
265
23
7
33
639
4999
53
49
39
4999
36
156
65
31
39
61
52
28
32
49
1726
161
17
18
53
21
266
64
4999
177
28
4999
156
1233
4999
4999
4617
4961
18
4999
29
91
201
78
28
80
327
45
34
31
21
2076
49
1550
25
485
335
57
141
646
246
4999
1643
824
4999
3640
772
27
445
22
21
436
4999
92
1078
84
2328
398
20
2660
4999
16
17
77
68
4999
278
19
4109
27
122
123
34
181
906
58
1790
1005
45
38
241
27
21
35
39
83
63
4999
22
21
23
672
39
39
40
505
4752
251
4999
25
146
19
31
31
126
24
20
16
17
42
83
4999
31
4999
27
273
28
138
226
4999
2253
302
33
170
226
36
227
1644
18
33
353
4520
185
4999
2620
4999
303
4999
2607
4999
4999
4999
4999
257
4999
347
468
69
41
142
79
93
191
3087
71
18
21
32
40
240
19
17
139
226
124
20
30
33
197
35
4999
64
124
18
538
516
69
18
1966
188
4999
374
185
371
22
4098
235
3177
161
4999
148
28
134
150
231
4999
326
4999
4999
4999
4838
149
78
327
176
958
21
153
53
19
121
2930
3669
550
225
4999
4999
669
21
2864
36
94
140
571
998
4999
4999
454
170
936
584
2972
16
392
78
4999
181
31
42
4999
1896
4999
4999
4999
4999
4999
4999
4999
4999
4999
19
19
97
22
4999
1235
852
50
171
463
102
1031
4999
155
72
975
145
416
4999
4999
133
723
4999
1909
2210
2915
4999
4999
4999
845
130
137
60
276
92
76
493
353
83
36
35
22
22
534
108
183
1874
45
15
16
156
17
16
122
16
31
22
21
19
1364
48
302
3927
24
171
2705
21
133
704
41
142
20
32
19
21
23
4999
83
4999
394
4999
444
4999
4999
297
111
96
16
124
4999
141
128
1812
16
31
17
68
17
170
22
4999
127
122
4999
160
84
38
510
4077
205
4137
879
4999
180
329
37
83
38
353
16
17
201
149
45
32
28
264
40
107
3084
70
85
140
34
46
144
103
26
53
2485
4999
133
4999
67
19
385
41
4999
18
29
106
34
20
17
582
62
221
172
44
2001
15
8
4999
4999
4999
347
4999
743
37
4999
344
93
313
4999
82
176
19
108
25
147
21
4999
25
42
53
29
92
1099
24
45
44
86
143
48
4999
94
557
39
31
106
149
863
4589
1831
135
151
320
357
496
51
2270
3280
18
362
532
38
24
2742
238
4999
4999
292
17
4999
241
4999
4999
4999
4999
691
719
1215
4999
56
4999
119
406
144
18
136
131
28
20
17
17
18
58
53
76
340
17
80
56
527
266
1198
4999
134
147
29
144
108
64
33
43
855
20
242
169
336
337
4999
119
20
145
4999
3154
32
359
423
28
88
4999
4999
155
171
147
39
963
373
15
28
507
853
326
81
326
40
46
615
4999
136
4999
106
35
28
19
38
27
66
1325
89
81
4999
83
235
179
169
388
874
117
36
17
351
72
183
206
21
88
122
72
29
33
55
336
80
38
4999
4999
4999
4999
39
4999
263
390
2815
37
332
147
33
4999
722
138
218
272
493
219
34
4999
21
4999
21
22
137
2028
36
20
20
32
21
29
37
144
17
90
22
279
119
3800
607
4999
418
173
4999
323
4999
292
4999
4999
34
20
19
41
138
1053
99
4999
18
19
41
18
310
216
20
22
61
60
20
57
18
138
62
88
4999
265
1165
1772
3927
4999
242
141
1926
