-104.0
-84.0
-145.0
-104.0
-112.0
4.0
45.0
-98.0
-92.0
-153.0
-46.0
-94.0
-116.0
-119.0
-140.0
-85.0
5.0
-30.0
-103.0
-128.0
-30.0
-105.0
5.0
-73.0
-146.0
-85.0
-43.0
-54.0
-24.0
16.0
-44.0
-114.0
-33.0
-98.0
-128.0
-2.0
-120.0
20.0
-97.0
-89.0
-26.0
-132.0
2.0
-126.0
-83.0
-146.0
13.0
26.0
66.0
-102.0
-35.0
-50.0
-134.0
-145.0
-52.0
132.0
-131.0
-46.0
-64.0
-139.0
193.0
27.0
143.0
-72.0
-125.0
-71.0
-50.0
-16.0
-137.0
-127.0
-17.0
-134.0
-143.0
-99.0
57.0
-152.0
-83.0
-124.0
-63.0
-46.0
62.0
-132.0
-125.0
-58.0
211.0
9.0
-95.0
99.0
-107.0
-104.0
-101.0
36.0
-75.0
-93.0
-94.0
-107.0
-21.0
171.0
-17.0
311.0
-125.0
-20.0
-123.0
-92.0
-86.0
-139.0
-5.0
-99.0
237.0
1.0
-123.0
219.0
-104.0
-104.0
-112.0
-98.0
-151.0
-97.0
-72.0
16.0
368.0
-120.0
-117.0
-133.0
-81.0
-67.0
-124.0
-107.0
84.0
165.0
293.0
-80.0
-146.0
5.0
12.0
-126.0
149.0
-15.0
198.0
35.0
38.0
-99.0
-82.0
-68.0
-88.0
-104.0
-132.0
-127.0
-30.0
-70.0
-125.0
-116.0
-104.0
-31.0
-35.0
-145.0
-90.0
-115.0
47.0
-33.0
-51.0
-8.0
-136.0
-106.0
-141.0
-97.0
-45.0
-78.0
-85.0
-98.0
-101.0
-120.0
-99.0
-130.0
-105.0
-24.0
-106.0
89.0
-106.0
8.0
10.0
-85.0
-155.0
-30.0
436.0
-101.0
-78.0
-54.0
-82.0
-124.0
-129.0
82.0
-28.0
-54.0
163.0
-123.0
-106.0
-145.0
-77.0
-85.0
-134.0
-108.0
-131.0
-102.0
-145.0
-120.0
-128.0
-92.0
-102.0
-131.0
24.0
-61.0
-128.0
-121.0
-156.0
-121.0
-113.0
-53.0
-52.0
29.0
-52.0
-80.0
-89.0
71.0
-126.0
-133.0
-126.0
-111.0
-44.0
83.0
-82.0
-105.0
-78.0
-62.0
-33.0
-43.0
-118.0
-40.0
-21.0
-44.0
178.0
-136.0
-107.0
-68.0
11.0
17.0
-55.0
-97.0
-4.0
112.0
-10.0
-142.0
-87.0
-107.0
-91.0
47.0
-127.0
-116.0
-145.0
117.0
-99.0
133.0
-155.0
-102.0
222.0
-107.0
-93.0
-47.0
259.0
-146.0
-148.0
271.0
-38.0
-111.0
-47.0
-133.0
270.0
-88.0
-78.0
-34.0
-63.0
107.0
-48.0
-61.0
-125.0
205.0
-34.0
154.0
172.0
-24.0
26.0
-85.0
135.0
-105.0
-120.0
4.0
-82.0
-120.0
-50.0
-21.0
-108.0
-82.0
-31.0
-86.0
-130.0
-61.0
-96.0
-52.0
-71.0
-49.0
-106.0
84.0
257.0
-52.0
-108.0
-65.0
-39.0
-72.0
189.0
-136.0
38.0
130.0
-54.0
39.0
-95.0
-98.0
-99.0
-60.0
82.0
-108.0
16.0
-17.0
-120.0
-84.0
-60.0
29.0
-91.0
-136.0
-139.0
-93.0
-87.0
94.0
84.0
-95.0
85.0
27.0
-133.0
-77.0
-73.0
112.0
47.0
68.0
-127.0
-24.0
-64.0
-82.0
-26.0
56.0
-117.0
239.0
-12.0
-66.0
195.0
133.0
-114.0
-109.0
-56.0
-29.0
85.0
-71.0
255.0
-126.0
175.0
14.0
-121.0
-15.0
111.0
-37.0
267.0
-113.0
-51.0
269.0
-44.0
-4.0
-83.0
-96.0
-73.0
-107.0
-75.0
-127.0
110.0
-123.0
-82.0
-61.0
32.0
41.0
-111.0
-35.0
-70.0
22.0
-96.0
-114.0
-49.0
84.0
-55.0
-56.0
-43.0
168.0
-64.0
-69.0
-138.0
-108.0
-3.0
90.0
-48.0
-127.0
-73.0
35.0
-34.0
130.0
-10.0
-108.0
-16.0
201.0
244.0
-47.0
76.0
-51.0
86.0
40.0
-2.0
22.0
-83.0
-130.0
-67.0
172.0
21.0
-140.0
-81.0
-6.0
-112.0
-36.0
193.0
-101.0
37.0
-132.0
19.0
5.0
-51.0
150.0
-115.0
7.0
-75.0
-113.0
-116.0
-30.0
-4.0
-60.0
45.0
-115.0
-52.0
-81.0
16.0
-35.0
-94.0
-135.0
-96.0
-25.0
-37.0
-139.0
33.0
-64.0
-47.0
-80.0
-25.0
-87.0
105.0
-75.0
-108.0
327.0
-33.0
-87.0
-92.0
-31.0
101.0
-29.0
-114.0
-92.0
72.0
-13.0
-112.0
-73.0
-76.0
137.0
-82.0
133.0
-8.0
55.0
-124.0
-35.0
-123.0
-93.0
19.0
38.0
30.0
-113.0
-74.0
-48.0
-37.0
101.0
-95.0
-47.0
44.0
14.0
54.0
-97.0
-29.0
248.0
-49.0
-34.0
-95.0
-1.0
-22.0
-47.0
-138.0
-113.0
169.0
105.0
-100.0
160.0
90.0
360.0
-76.0
-53.0
-78.0
338.0
-49.0
308.0
-57.0
-100.0
60.0
97.0
-95.0
-90.0
88.0
-121.0
324.0
-117.0
-76.0
25.0
-112.0
-108.0
-68.0
307.0
-28.0
-14.0
-51.0
-105.0
-101.0
-116.0
627.0
99.0
117.0
-117.0
-129.0
-97.0
141.0
-86.0
-52.0
-4.0
80.0
299.0
-46.0
-33.0
-46.0
-104.0
-26.0
-108.0
-118.0
63.0
-34.0
-143.0
-73.0
100.0
113.0
-82.0
-126.0
48.0
-42.0
282.0
-46.0
-45.0
77.0
-33.0
19.0
23.0
-44.0
66.0
-47.0
215.0
-33.0
21.0
-9.0
17.0
-86.0
-84.0
60.0
100.0
-133.0
-2.0
-59.0
-97.0
17.0
118.0
-32.0
-86.0
-12.0
81.0
-124.0
51.0
-26.0
-111.0
-129.0
-98.0
50.0
57.0
-62.0
-19.0
-92.0
-71.0
4.0
-24.0
-145.0
-113.0
-91.0
-91.0
266.0
39.0
-115.0
-134.0
-128.0
-61.0
24.0
-108.0
146.0
-41.0
80.0
2.0
-38.0
-74.0
-145.0
-96.0
44.0
-89.0
-84.0
-39.0
-81.0
-59.0
-8.0
145.0
25.0
-87.0
-67.0
-145.0
230.0
-95.0
263.0
-80.0
-112.0
-126.0
-71.0
-103.0
-47.0
-12.0
-76.0
275.0
-148.0
-122.0
-111.0
-122.0
-42.0
-42.0
-90.0
101.0
-128.0
-85.0
-95.0
221.0
-120.0
-64.0
-148.0
-55.0
-129.0
-151.0
-109.0
39.0
-22.0
42.0
-47.0
40.0
26.0
-71.0
-118.0
83.0
-111.0
-34.0
-122.0
-80.0
-43.0
-6.0
-85.0
42.0
239.0
-86.0
-93.0
-55.0
2.0
192.0
-128.0
-109.0
19.0
10.0
6.0
-37.0
-109.0
-97.0
-90.0
-75.0
-5.0
-114.0
267.0
-67.0
-89.0
47.0
-105.0
-74.0
23.0
-104.0
-19.0
63.0
-67.0
352.0
-141.0
78.0
-140.0
-114.0
15.0
-38.0
-141.0
96.0
-115.0
101.0
19.0
-111.0
300.0
60.0
-93.0
-126.0
-75.0
36.0
-22.0
280.0
-125.0
92.0
-104.0
-64.0
215.0
-84.0
-127.0
-93.0
3.0
-20.0
-48.0
-89.0
-48.0
150.0
107.0
-80.0
-85.0
-89.0
54.0
286.0
-39.0
-119.0
-104.0
28.0
-100.0
-123.0
-107.0
42.0
-73.0
-135.0
109.0
20.0
-23.0
22.0
13.0
-14.0
-150.0
11.0
-42.0
-104.0
-69.0
59.0
9.0
-46.0
-133.0
-114.0
-101.0
37.0
-91.0
32.0
59.0
47.0
-109.0
264.0
-141.0
-152.0
19.0
-133.0
-46.0
27.0
-45.0
292.0
-98.0
-11.0
0.0
270.0
-5.0
296.0
29.0
281.0
292.0
-120.0
-131.0
-81.0
11.0
15.0
-16.0
33.0
53.0
22.0
-98.0
-8.0
7.0
-51.0
-84.0
-56.0
52.0
-96.0
-101.0
94.0
-93.0
-125.0
-93.0
53.0
-113.0
14.0
-132.0
-127.0
-115.0
-101.0
-49.0
-51.0
-73.0
-57.0
30.0
83.0
118.0
361.0
-59.0
-95.0
-118.0
-36.0
-106.0
-91.0
30.0
232.0
-120.0
-1.0
-79.0
44.0
-58.0
-22.0
-53.0
-85.0
-59.0
-33.0
-82.0
-63.0
32.0
86.0
19.0
-69.0
169.0
-89.0
-119.0
19.0
-64.0
277.0
324.0
-102.0
-108.0
-64.0
15.0
-41.0
-59.0
-111.0
47.0
-41.0
-87.0
69.0
-70.0
-73.0
-47.0
-141.0
-8.0
65.0
134.0
22.0
133.0
-22.0
-113.0
-68.0
-110.0
88.0
156.0
-61.0
213.0
-120.0
-105.0
27.0
-85.0
-81.0
-18.0
-75.0
-113.0
174.0
-88.0
-87.0
-102.0
250.0
-79.0
354.0
-117.0
-131.0
-76.0
9.0
79.0
-77.0
9.0
11.0
201.0
-49.0
-76.0
-62.0
113.0
-143.0
160.0
-106.0
-60.0
-81.0
-124.0
116.0
76.0
6.0
94.0
-47.0
47.0
11.0
207.0
-84.0
305.0
-61.0
-7.0
145.0
-94.0
52.0
-128.0
-99.0
16.0
10.0
-98.0
356.0
-147.0
15.0
-67.0
-55.0
-34.0
-115.0
-102.0
-161.0
91.0
-162.0
-148.0
-7.0
-113.0
12.0
-142.0
-91.0
-120.0
-132.0
-74.0
22.0
-99.0
5.0
-110.0
-62.0
-4.0
-124.0
-87.0
-42.0
-50.0
21.0
-125.0
-30.0
-145.0
56.0
0.0
-19.0
8.0
65.0
101.0
102.0
-67.0
-60.0
-61.0
31.0
-68.0
-129.0
-124.0
5.0
-9.0
108.0
-129.0
-29.0
244.0
86.0
-39.0
-96.0
-104.0
22.0
301.0
-113.0
-104.0
240.0
94.0
-138.0
-80.0
-125.0
16.0
-66.0
17.0
-48.0
-79.0
-15.0
-54.0
-114.0
127.0
-108.0
-2.0
-95.0
-93.0
-162.0
-130.0
13.0
213.0
41.0
120.0
-136.0
-113.0
-137.0
-66.0
19.0
-28.0
-88.0
-59.0
66.0
-122.0
-91.0
-45.0
158.0
-26.0
74.0
27.0
-5.0
9.0
-113.0
-112.0
-78.0
-128.0
-48.0
-121.0
-48.0
-130.0
48.0
47.0
-67.0
-71.0
-43.0
166.0
-27.0
-63.0
-81.0
-104.0
-99.0
-80.0
-58.0
-82.0
-73.0
-59.0
-78.0
-40.0
174.0
-83.0
-17.0
-90.0
-69.0
-118.0
-33.0
-90.0
-53.0
235.0
-118.0
15.0
-51.0
-126.0
36.0
0.0
-90.0
275.0
-2.0
-62.0
-83.0
-124.0
-35.0
-93.0
86.0
-75.0
-101.0
105.0
-83.0
25.0
-106.0
99.0
-17.0
-77.0
31.0
-78.0
15.0
-23.0
165.0
-124.0
-111.0
240.0
-110.0
-24.0
-115.0
-27.0
-132.0
11.0
-108.0
-83.0
-35.0
36.0
-44.0
-8.0
-11.0
17.0
-145.0
-40.0
-95.0
-79.0
331.0
24.0
-58.0
-109.0
-95.0
-105.0
39.0
-82.0
-11.0
-97.0
259.0
-69.0
69.0
-143.0
-116.0
-128.0
-23.0
53.0
373.0
-55.0
-111.0
-92.0
-67.0
-60.0
-26.0
252.0
318.0
-54.0
-63.0
109.0
-76.0
-90.0
-131.0
-90.0
-69.0
-115.0
-121.0
278.0
315.0
-91.0
2.0
-75.0
69.0
115.0
-77.0
-94.0
-14.0
-60.0
-83.0
-109.0
34.0
100.0
25.0
-50.0
24.0
-57.0
22.0
342.0
-8.0
161.0
167.0
-37.0
-119.0
-120.0
2.0
164.0
-52.0
12.0
-47.0
-42.0
-68.0
41.0
10.0
165.0
68.0
25.0
4.0
163.0
13.0
264.0
140.0
-63.0
-53.0
56.0
40.0
-135.0
-13.0
338.0
21.0
-124.0
212.0
-118.0
304.0
-89.0
5.0
271.0
173.0
-61.0
-37.0
-38.0
-139.0
154.0
-91.0
19.0
41.0
373.0
-43.0
-25.0
-109.0
-18.0
252.0
-72.0
125.0
-76.0
-108.0
458.0
41.0
-35.0
201.0
37.0
-133.0
-125.0
127.0
-16.0
-105.0
-81.0
236.0
-84.0
215.0
-47.0
-6.0
-113.0
-69.0
-17.0
-109.0
-69.0
-111.0
42.0
-56.0
-105.0
37.0
-115.0
-32.0
340.0
81.0
-84.0
-78.0
-91.0
-92.0
241.0
-60.0
-50.0
32.0
102.0
57.0
151.0
142.0
-16.0
83.0
-50.0
-94.0
4.0
4.0
332.0
-45.0
178.0
-61.0
86.0
69.0
33.0
-100.0
-100.0
-43.0
-95.0
162.0
80.0
-103.0
-122.0
-161.0
26.0
76.0
196.0
209.0
-19.0
-39.0
375.0
-42.0
120.0
396.0
65.0
1.0
45.0
407.0
27.0
-19.0
-97.0
97.0
-118.0
-3.0
58.0
-137.0
81.0
269.0
31.0
-52.0
-20.0
-57.0
-26.0
-90.0
7.0
318.0
20.0
158.0
-74.0
29.0
-131.0
-142.0
-118.0
-53.0
-85.0
-4.0
311.0
-37.0
11.0
-23.0
182.0
142.0
-64.0
246.0
209.0
-21.0
102.0
-73.0
-73.0
-39.0
-39.0
-105.0
-37.0
-75.0
1.0
144.0
-119.0
-26.0
-97.0
-12.0
144.0
-98.0
-107.0
175.0
1.0
-40.0
-42.0
-75.0
222.0
-55.0
62.0
656.0
-64.0
201.0
144.0
-116.0
-46.0
5.0
64.0
37.0
-62.0
78.0
177.0
13.0
-56.0
216.0
264.0
-18.0
-77.0
-37.0
-83.0
-116.0
-63.0
-17.0
147.0
2.0
-119.0
69.0
404.0
-62.0
-55.0
45.0
-22.0
-69.0
335.0
-56.0
96.0
-51.0
248.0
76.0
256.0
-55.0
104.0
-92.0
-33.0
-125.0
102.0
-33.0
72.0
-14.0
-105.0
205.0
88.0
-70.0
-118.0
-93.0
188.0
-107.0
-10.0
-107.0
-73.0
-113.0
195.0
98.0
128.0
-40.0
26.0
91.0
-114.0
-97.0
19.0
76.0
-156.0
-130.0
-73.0
-50.0
200.0
-23.0
74.0
252.0
-113.0
-66.0
165.0
-123.0
117.0
3.0
91.0
82.0
145.0
477.0
179.0
-85.0
16.0
68.0
95.0
-21.0
-14.0
-98.0
-42.0
68.0
307.0
-141.0
54.0
51.0
141.0
300.0
-118.0
233.0
148.0
-2.0
-47.0
-43.0
426.0
13.0
424.0
-5.0
201.0
-107.0
-13.0
341.0
44.0
31.0
69.0
460.0
-30.0
74.0
46.0
397.0
22.0
-108.0
-18.0
-28.0
13.0
443.0
84.0
339.0
-27.0
476.0
-113.0
-62.0
101.0
-72.0
39.0
104.0
293.0
342.0
21.0
52.0
-6.0
-122.0
42.0
-80.0
68.0
-22.0
2.0
-49.0
-34.0
46.0
-3.0
104.0
-34.0
226.0
35.0
-49.0
91.0
-79.0
-15.0
-33.0
-52.0
267.0
436.0
-58.0
186.0
381.0
-32.0
259.0
-39.0
290.0
-56.0
142.0
-18.0
1.0
-66.0
-15.0
225.0
42.0
27.0
273.0
-96.0
-57.0
145.0
18.0
244.0
130.0
-60.0
-52.0
18.0
-63.0
456.0
-8.0
129.0
-70.0
51.0
83.0
-38.0
234.0
-6.0
267.0
455.0
-116.0
166.0
-59.0
-50.0
50.0
-11.0
-13.0
-29.0
22.0
89.0
205.0
224.0
-55.0
-45.0
-5.0
-25.0
523.0
10.0
22.0
347.0
57.0
0.0
242.0
163.0
32.0
80.0
232.0
-92.0
53.0
4.0
81.0
62.0
193.0
20.0
-111.0
-120.0
-133.0
-55.0
-70.0
-31.0
125.0
-95.0
217.0
-22.0
343.0
-68.0
-56.0
-55.0
-25.0
15.0
239.0
279.0
-45.0
25.0
58.0
190.0
-21.0
13.0
29.0
293.0
68.0
355.0
326.0
362.0
60.0
101.0
-21.0
439.0
10.0
64.0
184.0
-78.0
-62.0
-61.0
3.0
-47.0
-58.0
-117.0
115.0
-3.0
504.0
-121.0
127.0
-10.0
79.0
-21.0
127.0
45.0
-111.0
76.0
258.0
-52.0
150.0
-102.0
307.0
-87.0
-133.0
-146.0
-128.0
-124.0
-112.0
50.0
-158.0
-129.0
-70.0
-89.0
-172.0
47.0
-8.0
-174.0
-133.0
-108.0
-155.0
12.0
-27.0
-91.0
-84.0
-42.0
-106.0
-105.0
-119.0
-128.0
-28.0
7.0
232.0
44.0
539.0
-39.0
15.0
-45.0
222.0
32.0
328.0
55.0
79.0
60.0
-98.0
-110.0
20.0
-82.0
4.0
-58.0
20.0
-9.0
-110.0
1.0
-91.0
352.0
-79.0
-132.0
-89.0
55.0
385.0
-58.0
-46.0
60.0
-114.0
-133.0
-115.0
400.0
-69.0
274.0
30.0
340.0
-83.0
529.0
139.0
72.0
77.0
33.0
83.0
-20.0
-65.0
-81.0
-58.0
-29.0
420.0
128.0
175.0
-77.0
378.0
-44.0
86.0
-104.0
175.0
168.0
285.0
14.0
-62.0
-81.0
-105.0
22.0
107.0
-5.0
-1.0
-125.0
-65.0
104.0
-86.0
-107.0
-109.0
-147.0
221.0
-48.0
335.0
-56.0
-62.0
-88.0
-53.0
-40.0
-72.0
-113.0
29.0
30.0
0.0
-76.0
-65.0
-21.0
-51.0
90.0
51.0
203.0
251.0
-101.0
-50.0
77.0
-13.0
69.0
19.0
260.0
121.0
-49.0
-37.0
32.0
208.0
60.0
25.0
-73.0
125.0
-107.0
-106.0
-22.0
-79.0
-32.0
-56.0
164.0
-91.0
398.0
-47.0
-63.0
33.0
458.0
-16.0
456.0
-51.0
71.0
-73.0
21.0
-24.0
199.0
119.0
-75.0
-92.0
-47.0
-45.0
68.0
-25.0
237.0
209.0
214.0
131.0
-61.0
8.0
32.0
430.0
71.0
121.0
42.0
-60.0
-18.0
93.0
-60.0
-48.0
157.0
24.0
-13.0
18.0
80.0
-3.0
474.0
-57.0
-92.0
-98.0
504.0
-54.0
414.0
-71.0
198.0
254.0
298.0
-4.0
467.0
-20.0
11.0
124.0
24.0
-8.0
98.0
46.0
213.0
319.0
-70.0
54.0
81.0
45.0
21.0
430.0
-109.0
180.0
-62.0
-50.0
33.0
-56.0
220.0
-69.0
-127.0
-13.0
103.0
-99.0
115.0
-87.0
81.0
16.0
429.0
132.0
31.0
19.0
-63.0
-40.0
142.0
-44.0
-22.0
-17.0
454.0
70.0
110.0
-16.0
-13.0
419.0
-58.0
38.0
-112.0
-6.0
94.0
175.0
307.0
145.0
-7.0
129.0
295.0
488.0
101.0
113.0
-76.0
-49.0
314.0
357.0
71.0
464.0
257.0
36.0
309.0
-129.0
32.0
261.0
59.0
214.0
111.0
-17.0
168.0
450.0
169.0
-90.0
30.0
111.0
-114.0
-12.0
-100.0
404.0
423.0
-21.0
-98.0
471.0
305.0
-84.0
-80.0
192.0
8.0
101.0
479.0
91.0
83.0
742.0
85.0
547.0
-91.0
126.0
-99.0
241.0
131.0
-81.0
46.0
36.0
407.0
-60.0
263.0
211.0
-21.0
203.0
284.0
2.0
-98.0
324.0
66.0
96.0
-72.0
148.0
480.0
92.0
-48.0
-36.0
-80.0
425.0
590.0
-30.0
170.0
484.0
231.0
258.0
531.0
71.0
11.0
-34.0
34.0
-69.0
-46.0
-15.0
71.0
120.0
-93.0
-29.0
-86.0
-65.0
85.0
231.0
-37.0
67.0
1.0
199.0
170.0
605.0
82.0
72.0
-77.0
56.0
186.0
-83.0
-63.0
-21.0
254.0
12.0
49.0
-64.0
100.0
310.0
-26.0
129.0
-64.0
218.0
38.0
214.0
-38.0
40.0
366.0
324.0
176.0
522.0
22.0
581.0
-61.0
6.0
556.0
57.0
280.0
-53.0
496.0
299.0
219.0
116.0
67.0
-24.0
-10.0
133.0
257.0
-44.0
-30.0
556.0
64.0
-88.0
219.0
53.0
367.0
516.0
540.0
821.0
-57.0
31.0
592.0
153.0
225.0
737.0
-59.0
43.0
183.0
591.0
288.0
596.0
-52.0
12.0
156.0
-21.0
57.0
119.0
-13.0
-55.0
189.0
576.0
-5.0
114.0
60.0
119.0
-1.0
40.0
147.0
595.0
172.0
394.0
364.0
555.0
436.0
-17.0
119.0
299.0
304.0
278.0
19.0
261.0
248.0
100.0
586.0
-81.0
-74.0
475.0
45
-70
-96
-159
-92
-127
-64
188
-117
38
41
328
-42
-75
-107
49
79
-4
110
-60
8
139
216
62
130
160
281
-6
-126
-112
-114
-10
509
530
-60
52
-56
-88
-123
-31
129
227
-78
34
-145
203
-58
265
547
1
23
463
266
-1
230
276
12
201
-55
231
-117
-72
-41
98
221
107
-111
76
109
53
387
47
-67
-31
152
148
-42
483
529
-87
-127
-58
184
130
52
78
160
9
373
254
152
25
-11
154
286
66
178
-70
236
-61
-29
-75
-101
-49
48
20
-66
-107
490
-70
175
131
-79
318
0
34
-10
-89
296
361
-109
290
45
29
-107
-99
-133
156
233
178
440
487
-117
82
78
11
46
-98
131
-38
137
517
59
-67
-60
48
-73
536
228
305
530
-100
5
73
304
203
6
-35
382
-73
285
545
127
17
266
407
58
86
494
1
-91
324
39
-91
-55
11
-42
-47
-34
129
-63
289
363
-70
237
-90
-35
541
210
90
7
-58
601
-86
45
334
30
101
16
150
7
275
35
64
13
202
-13
174
-116
199
-36
78
202
128
129
251
61
-75
57
-81
-62
169
48
-110
228
253
432
508
-17
2
62
175
77
154
-3
312
121
160
62
221
-3
-135
223
14
-55
-50
-88
-126
-111
-50
251
29
170
-59
-130
-75
153
347
257
125
436
173
-41
515
576
-23
-106
744
11
-40
-33
441
-36
-10
-121
136
-73
-75
111
67
54
151
97
394
72
237
81
32
48
-66
-45
-42
309
16
-10
-61
293
11
160
-30
22
-41
192
618
300
51
503
400
269
181
572
-29
-57
-15
52
204
324
426
139
119
584
-127
252
-87
-82
221
246
-33
-34
17
529
171
-36
-79
83
-64
145
393
211
344
321
300
-21
-41
419
-83
605
1
154
16
244
76
-75
231
366
-34
439
159
316
101
587
199
288
432
405
351
115
399
-39
170
139
650
112
686
-16
146
-70
265
466
529
250
203
-66
157
8
357
71
115
72
492
560
146
-72
-14
139
617
464
464
147
210
153
-50
594
311
271
45
391
379
-32
119
35
91
99
140
448
8
369
50
163
314
298
222
119
32
93
285
158
266
-4
269
157
26
638
703
240
630
471
602
638
-95
51
70
144
734
593
101
403
327
191
-11
