57
73
32
53
49
113
134
55
65
28
83
51
49
58
33
68
122
107
42
37
79
40
114
84
35
56
94
75
93
117
93
51
104
55
37
103
41
141
52
76
103
41
103
39
62
35
122
119
151
59
90
87
43
36
77
177
38
99
77
38
218
132
192
77
48
70
95
113
36
50
92
39
46
54
130
33
66
45
70
87
139
41
36
75
220
114
62
176
42
45
60
137
66
60
59
46
92
216
104
280
40
89
46
61
63
42
112
54
214
118
34
220
57
53
49
63
38
48
69
109
301
45
52
36
68
66
45
70
149
182
262
65
27
118
117
43
174
106
211
116
119
54
51
77
57
65
33
34
103
79
40
45
49
90
98
28
63
50
136
96
86
109
41
55
36
52
84
63
52
55
52
45
54
35
48
85
55
166
55
117
119
64
34
103
333
60
83
71
63
41
52
139
97
83
200
42
47
28
72
64
39
53
42
63
32
41
37
65
47
42
109
72
41
40
33
36
44
72
85
122
89
61
56
156
47
40
47
58
77
152
55
52
71
63
92
74
39
77
76
69
187
37
46
73
100
114
74
48
113
153
87
27
58
58
66
128
38
37
32
158
58
166
30
51
227
42
60
82
220
31
33
216
95
42
74
36
227
49
71
83
70
152
73
72
40
198
79
191
185
81
123
44
172
48
41
81
59
53
79
80
41
71
90
55
39
72
49
77
58
76
43
121
234
65
53
72
70
61
166
41
115
143
79
92
42
47
46
81
131
45
105
88
45
61
69
114
50
41
30
60
66
147
137
50
134
104
40
68
52
141
124
125
38
97
61
51
75
125
36
216
89
63
192
174
47
48
77
80
126
66
220
47
168
103
40
98
164
80
216
52
66
218
65
89
50
53
64
50
54
42
135
42
59
76
109
114
46
74
75
111
53
51
76
125
86
73
70
173
61
72
31
41
106
135
73
38
68
112
87
155
95
45
77
178
193
74
133
70
139
109
83
95
54
43
58
177
102
41
64
99
41
69
190
40
106
37
92
86
66
163
38
96
58
40
41
67
89
73
118
42
77
60
93
70
51
38
45
88
76
42
98
65
82
61
84
50
142
62
41
244
88
50
53
94
158
72
39
45
129
88
37
68
61
162
55
146
81
96
37
86
34
44
112
111
107
48
55
69
60
138
38
74
101
107
103
52
68
197
64
79
46
80
75
62
35
36
154
150
45
157
127
213
53
64
63
223
64
225
60
49
125
142
46
51
133
36
221
40
61
102
41
49
61
220
77
83
62
48
48
41
360
120
150
36
36
44
146
55
77
85
109
216
75
72
59
45
75
41
39
112
79
30
56
125
146
51
35
97
67
199
67
68
126
72
100
92
69
119
54
216
100
110
96
126
63
73
149
201
36
95
70
52
102
159
69
47
85
126
33
120
75
42
36
55
139
110
71
82
53
70
113
65
36
40
50
58
227
128
42
35
41
56
97
53
155
80
145
87
83
67
40
53
117
56
53
78
52
66
101
158
126
58
54
32
211
46
212
61
41
35
62
50
58
81
53
232
29
43
50
43
91
75
55
150
37
52
58
214
37
53
29
82
36
34
56
136
103
123
74
129
99
66
39
112
46
83
43
49
86
107
68
123
208
59
52
78
111
181
33
40
112
79
95
88
36
52
59
62
100
43
212
58
56
116
40
59
104
53
98
132
70
237
28
123
37
39
100
63
36
133
38
138
108
50
221
121
48
39
74
109
67
217
36
137
45
53
212
61
42
40
108
77
69
64
81
159
136
57
64
60
127
219
74
42
53
121
53
46
38
127
60
38
134
101
86
119
110
75
31
88
71
49
52
108
106
75
40
51
44
122
50
109
128
108
56
213
40
33
120
36
75
80
76
225
43
90
89
203
80
213
114
218
201
41
38
64
96
88
89
106
130
99
43
93
80
70
57
65
105
45
44
135
44
32
48
102
44
87
33
30
42
48
96
66
52
72
107
132
155
238
70
46
39
73
39
42
103
213
41
92
66
113
55
75
68
60
58
68
55
66
105
119
116
56
158
52
42
112
57
210
221
47
37
73
76
80
58
38
120
76
50
94
63
56
66
32
97
94
135
87
146
91
48
65
39
109
161
84
170
45
48
116
64
44
71
54
44
151
45
50
43
215
50
211
52
34
57
106
132
52
86
84
158
72
45
63
138
30
153
51
73
48
41
137
117
91
127
62
116
88
160
53
210
72
98
142
43
113
41
50
101
99
43
209
26
84
62
66
79
38
43
24
132
23
33
74
52
81
35
38
49
41
75
139
46
114
67
83
101
41
62
79
83
94
36
75
32
137
89
74
89
122
142
135
54
69
56
120
65
36
41
110
76
153
44
80
217
131
58
57
45
115
218
36
41
213
127
31
61
44
105
59
106
73
54
86
75
47
136
45
87
50
48
31
39
106
210
106
177
37
44
40
67
108
73
49
58
147
31
54
76
171
79
139
88
100
102
40
53
63
37
69
44
81
43
133
108
70
54
82
159
78
70
64
37
50
57
59
55
48
54
47
65
163
46
100
47
64
39
72
55
68
224
51
84
66
35
113
89
55
216
87
71
54
37
70
52
139
50
36
118
58
94
43
136
88
60
120
43
100
94
162
37
46
213
51
89
34
70
33
96
45
62
54
93
61
81
90
90
32
69
50
58
224
105
63
44
46
36
104
51
86
48
212
60
118
34
33
41
86
102
230
78
46
49
62
61
75
221
215
63
54
110
57
55
42
51
52
46
44
203
224
46
87
54
102
124
64
35
83
61
62
56
99
137
94
63
73
60
91
211
93
142
132
64
46
37
83
149
57
97
66
47
53
98
107
174
121
90
77
164
82
197
157
58
52
109
93
34
88
211
98
37
161
39
213
44
90
188
146
52
64
63
34
151
50
92
102
226
74
72
48
79
181
53
166
57
49
263
110
78
154
106
40
36
128
69
44
44
157
41
196
58
67
36
48
72
44
52
38
99
53
40
90
38
61
221
118
45
51
50
49
166
57
59
93
123
102
164
127
65
104
51
35
77
81
213
52
163
52
103
98
98
45
41
58
38
119
109
42
35
28
95
101
169
186
78
70
212
67
121
221
98
70
86
216
88
82
44
110
39
82
99
32
118
186
88
53
73
60
59
47
76
187
89
155
47
86
34
31
43
56
48
81
204
80
68
74
151
151
53
167
138
68
131
44
52
66
54
40
72
50
90
129
34
59
40
81
117
47
38
164
78
57
59
46
151
58
99
329
57
142
125
37
51
66
93
74
55
95
142
86
49
141
165
71
52
68
46
37
62
60
116
79
42
98
217
59
54
82
71
48
196
57
113
54
153
97
145
42
109
45
60
36
111
64
97
63
40
138
105
55
35
44
145
42
67
46
48
36
132
119
109
65
95
112
39
52
80
93
21
35
52
55
145
70
91
157
40
51
146
34
118
76
108
99
110
210
120
40
73
85
116
60
63
39
59
89
172
32
99
84
118
169
39
178
117
59
62
54
227
70
213
76
142
38
56
210
65
72
98
237
63
111
87
214
71
37
63
65
74
208
93
196
70
217
40
47
114
41
84
133
146
183
70
81
63
31
79
49
85
59
67
56
55
83
66
113
51
151
72
52
92
42
70
56
49
160
217
51
127
214
61
148
62
179
45
115
55
66
51
58
146
79
84
154
41
44
106
83
125
115
45
49
71
42
213
61
110
47
76
104
55
135
63
168
212
33
119
54
51
79
62
68
56
67
94
142
129
50
60
76
60
220
67
71
160
82
61
135
124
73
85
153
37
78
73
98
95
126
81
38
29
36
62
47
50
98
46
130
59
180
45
49
50
60
64
140
160
52
74
79
139
68
62
70
154
85
168
163
163
81
94
68
212
71
97
117
39
43
52
72
58
47
32
88
66
213
32
96
59
100
56
104
82
42
93
151
49
111
39
144
30
24
23
21
25
25
71
15
20
39
36
13
72
57
15
24
29
18
113
102
58
57
91
47
60
50
45
93
120
217
73
220
54
68
60
135
73
165
104
92
81
39
35
85
47
73
47
77
68
35
66
38
221
46
33
44
76
202
59
51
93
39
32
38
213
52
179
75
189
42
230
120
93
98
82
100
57
60
44
47
64
205
121
148
44
211
45
107
41
148
117
166
67
51
44
40
71
108
64
68
32
56
89
51
38
36
34
162
61
212
53
59
45
56
61
45
32
58
71
81
53
56
60
58
91
96
156
156
40
51
98
64
106
68
173
118
72
56
81
173
93
98
56
118
38
35
59
50
73
53
141
50
215
50
46
94
211
61
209
54
96
40
74
57
112
140
50
41
54
56
81
52
170
130
135
124
56
81
89
215
88
118
95
57
71
94
53
49
122
89
72
71
105
70
211
52
37
43
209
43
219
42
131
167
179
57
212
61
68
101
85
65
91
67
142
184
47
87
98
82
74
211
40
133
63
47
74
61
121
48
30
60
104
50
96
42
90
77
222
113
76
64
46
53
123
49
67
72
243
95
99
61
64
208
51
75
37
71
103
132
172
122
62
110
156
217
106
98
41
52
167
178
88
209
142
65
174
32
65
146
72
167
108
60
109
215
130
39
75
100
31
57
33
213
196
64
35
212
162
49
45
117
69
102
212
92
88
295
74
208
42
103
38
126
96
40
83
69
188
45
148
132
60
116
141
67
35
161
71
85
45
109
217
97
45
45
41
206
223
47
111
209
136
143
208
84
64
55
67
48
59
54
88
89
32
68
39
44
82
124
56
92
66
108
107
214
95
73
40
89
107
42
42
52
119
73
62
49
77
147
47
98
41
119
67
119
47
73
163
149
109
219
63
258
48
71
213
74
173
44
213
140
108
85
72
53
55
102
154
53
51
225
81
41
116
74
160
217
209
298
44
76
213
98
118
266
42
72
100
208
141
213
49
57
93
52
70
104
52
50
106
209
68
79
69
88
64
81
88
208
117
151
153
212
189
60
88
128
157
123
72
146
117
81
207
40
43
176
138
67
81
30
65
38
81
221
52
123
130
157
55
46
38
74
108
73
91
49
73
104
153
79
111
113
150
75
35
37
39
63
210
215
49
73
49
41
34
54
106
124
39
75
32
136
47
138
212
70
68
216
139
72
147
141
69
126
62
144
36
41
64
91
146
96
34
97
110
98
216
76
46
58
105
105
55
204
214
42
38
47
117
99
97
83
105
62
166
159
117
62
74
123
147
83
135
55
137
52
64
46
40
48
81
73
51
38
211
55
116
100
42
175
61
75
63
40
165
170
32
143
78
70
34
38
32
93
134
111
185
212
36
91
83
60
83
43
96
55
98
206
92
46
45
97
52
229
125
154
215
41
58
86
125
116
67
50
167
40
146
210
88
66
147
172
79
79
219
66
38
153
72
42
50
52
51
46
55
98
50
138
168
39
138
39
50
214
119
95
64
55
214
43
74
143
63
78
57
95
64
120
64
81
58
119
56
119
37
112
53
91
119
97
90
144
70
46
86
40
43
118
81
35
117
138
209
177
56
75
79
100
78
111
74
161
122
117
71
126
58
30
132
59
46
55
53
47
38
51
124
66
119
46
31
46
102
156
126
98
161
106
48
208
217
54
47
269
60
49
48
210
53
63
32
97
56
50
84
76
71
96
114
179
77
114
78
73
65
39
56
51
142
65
59
52
134
60
101
47
71
56
121
215
141
76
212
181
130
98
217
52
40
58
65
105
153
171
104
92
205
30
133
38
39
114
151
52
47
54
194
112
53
38
80
45
90
166
104
133
130
117
48
44
168
42
210
54
95
57
109
81
38
116
163
51
180
92
125
74
200
100
117
157
158
148
80
156
50
103
88
211
81
207
53
91
39
122
187
206
115
100
47
98
53
150
64
76
69
169
181
95
37
55
96
210
165
181
92
103
94
47
211
140
120
70
148
152
45
88
60
76
76
85
165
57
150
75
104
139
131
99
80
65
86
134
87
119
53
118
94
63
207
204
101
211
156
207
219
34
60
71
81
243
198
86
156
132
92
54
